dur,proto,service,state,spkts,dpkts,sbytes,dbytes,rate,sttl,dttl,sload,dload,sloss,dloss,sinpkt,dinpkt,sjit,djit,swin,stcpb,dtcpb,dwin,tcprtt,synack,ackdat,smean,dmean,ct_srv_src,ct_state_ttl,ct_src_dport_ltm,ct_dst_sport_ltm,ct_dst_src_ltm,is_ftp_login,ct_ftp_cmd,ct_srv_dst,Decision
0.807959,tcp,-,FIN,10,8,534,354,21.040671,254,252,4762.617676,3069.462646,2,1,89.673333,103.65343,5627.110011,161.011391,255,3905782700,581889136,255,0.148992,0.082376,0.066616,53,44,6,1,3,3,5,0,0,5,No
0.807959,tcp,-,FIN,10,8,534,354,21.040671,254,252,4762.617676,3069.462646,2,1,89.673333,103.65343,5627.110011,161.011391,255,3905782700,581889136,255,0.148992,0.082376,0.066616,53,44,6,1,3,3,5,0,0,5,No
0.857919,tcp,-,FIN,10,8,534,354,19.815391,254,252,4485.271973,2890.71582,2,1,90.742667,109.003711,4976.60735,185.301219,255,988840059,716477567,255,0.176924,0.094889,0.082035,53,44,6,1,1,1,5,0,0,5,No
1.661957,tcp,-,FIN,106,22,135414,956,76.415935,254,252,645682.1875,4394.818848,50,1,15.459772,73.931523,1582.030439,100.687648,255,1322621268,4278543729,255,0.179414,0.109387,0.070027,1277,43,3,1,1,1,2,0,0,2,No
0.577757,tcp,-,FIN,10,6,534,268,25.962472,254,252,6660.239258,3101.649902,2,1,57.050778,101.939602,2899.060828,142.555547,255,3010516369,4167730000,255,0.170812,0.068056,0.102756,53,45,3,1,2,1,3,0,0,3,No
0.376951,tcp,-,FIN,10,6,534,268,39.792969,254,252,10208.22266,4753.933594,2,1,41.779333,60.275801,2104.760853,82.490938,255,1724706100,619986106,255,0.121462,0.075571,0.045891,53,45,3,1,2,1,3,0,0,3,No
0.986872,tcp,-,FIN,10,8,534,354,17.226145,254,252,3899.188477,2512.990479,2,1,109.652444,131.251281,6152.253944,205.365281,255,4273747073,3759122944,255,0.14987,0.067267,0.082603,53,44,3,1,1,1,3,0,0,3,No
2.378689,tcp,-,FIN,112,24,135669,1042,56.75395,254,252,452208.75,3359.83374,53,1,21.429631,98.690648,2321.62404,154.397859,255,930245980,2244822151,255,0.197241,0.066427,0.130814,1211,43,3,1,1,1,2,0,0,2,No
0.964744,tcp,-,FIN,10,6,534,268,15.548167,254,252,3988.623047,1857.487671,2,1,100.918222,172.749594,5943.958429,293.8965,255,651513367,554221955,255,0.161437,0.100993,0.060444,53,45,3,1,1,1,3,0,0,3,No
0.618935,tcp,-,FIN,10,8,534,354,27.466536,254,252,6217.131348,4006.882812,2,1,64.528,78.742289,4166.125642,125.931344,255,968618556,3129812553,255,0.13523,0.067736,0.067494,53,44,3,1,1,1,3,0,0,3,No
0,arp,-,INT,1,0,46,0,0,0,0,0,0,0,0,60000.728,0,0,0,0,0,0,0,0,0,0,46,0,1,2,1,1,1,0,0,1,No
0,arp,-,INT,1,0,46,0,0,0,0,0,0,0,0,60000.716,0,0,0,0,0,0,0,0,0,0,46,0,1,2,1,1,1,0,0,1,No
1.846569,tcp,-,FIN,108,22,135499,956,69.859293,254,252,581597.5625,3955.444092,51,1,16.843757,84.580523,1703.72313,100.251977,255,2250165550,1204644730,255,0.13071,0.070369,0.060341,1255,43,1,1,1,1,1,0,0,1,No
0.407744,tcp,-,FIN,10,6,534,268,36.787789,254,252,9437.293945,4394.914551,2,1,45.206556,66.396398,2233.011939,92.247484,255,1773719948,2941249735,255,0.131797,0.075759,0.056038,53,45,3,1,1,1,3,0,0,3,No
0.678248,tcp,-,FIN,10,6,534,268,22.115805,254,252,5673.440918,2642.101562,2,1,63.920778,107.122797,3435.51226,147.169437,255,410518633,1346710734,255,0.247744,0.142629,0.105115,53,45,3,1,1,1,3,0,0,3,No
1.210972,tcp,-,FIN,58,14,67963,612,58.63059,254,252,441245.5625,3758.964111,26,1,20.786176,86.975383,2032.86329,103.955039,255,193759962,2281017203,255,0.144211,0.080291,0.06392,1172,44,1,1,1,1,1,0,0,1,No
0.593415,tcp,-,FIN,10,6,534,268,25.277419,254,252,6484.500488,3019.808838,2,1,61.681778,103.502398,3250.222687,162.435359,255,3899034392,2563447225,255,0.146828,0.0759,0.070928,53,45,2,1,1,1,2,0,0,2,No
0.688988,tcp,-,FIN,10,6,534,268,21.771062,254,252,5585.00293,2600.91626,2,1,70.890889,121.620797,4286.539705,170.634406,255,3436380282,3506703434,255,0.127107,0.080877,0.04623,53,45,2,1,1,1,2,0,0,2,No
1.206482,tcp,-,FIN,10,8,534,354,14.090554,254,252,3189.438232,2055.562988,2,1,134.053556,152.038859,9068.621495,224.062969,255,1971809165,1084081500,255,0.182244,0.120346,0.061898,53,44,5,1,1,1,4,0,0,4,No
1.470332,tcp,-,FIN,60,14,68043,612,49.64865,254,252,364048.375,3095.899414,27,1,23.778289,107.734,2535.78521,173.211187,255,2900179044,1079751054,255,0.135427,0.069786,0.065641,1134,44,1,1,1,1,1,0,0,2,No
0.60035,tcp,-,FIN,10,6,534,268,24.985424,254,252,6409.594238,2984.925293,2,1,62.027778,104.019203,3380.378767,151.45975,255,976422861,3286359567,255,0.152435,0.080253,0.072182,53,45,5,1,1,1,4,0,0,4,No
0.451675,tcp,-,FIN,10,6,534,268,33.20972,254,252,8519.400391,3967.45459,2,1,48.092222,74.651,2477.824386,103.985328,255,2823493370,3046866488,255,0.119969,0.078418,0.041551,53,45,5,1,2,1,4,0,0,4,No
1.131606,tcp,-,FIN,60,14,68043,612,64.510087,254,252,473019.7813,4022.601562,27,1,17.879155,80.340305,1766.366784,100.836602,255,1075680436,554654938,255,0.190702,0.087177,0.103525,1134,44,3,1,1,1,2,0,0,2,No
0.770256,tcp,-,FIN,10,6,534,268,19.474045,254,252,4995.741699,2326.499268,2,1,79.123333,137.22,4557.118168,224.288297,255,3921308155,3464986797,255,0.16528,0.084154,0.081126,53,45,5,1,2,1,4,0,0,4,No
1.068758,tcp,-,FIN,10,8,534,354,15.906314,254,252,3600.440918,2320.450439,2,1,113.858,129.13057,6788.046689,194.984781,255,3128263538,3872146534,255,0.248003,0.16484,0.083163,53,44,1,1,1,1,1,0,0,1,No
1.713923,tcp,-,FIN,60,16,68043,698,43.759259,254,252,312308.0938,3057.313477,27,1,29.5365,109.838664,3116.840476,182.263172,255,3405842547,2933410738,255,0.146024,0.066334,0.07969,1134,44,3,1,1,1,2,0,0,2,No
1.3536,tcp,-,FIN,10,8,534,354,12.559101,254,252,2842.789551,1832.151245,2,1,150.295556,174.181578,9668.715627,233.589484,255,1879891998,2521721810,255,0.316062,0.134326,0.181736,53,44,3,1,1,1,2,0,0,2,No
0.711079,tcp,-,FIN,10,6,534,268,21.094703,254,252,5411.494141,2520.11377,2,1,78.910222,120.120398,4055.385813,188.753125,255,85484116,3694215413,255,0.174478,0.110468,0.06401,53,45,3,1,1,1,2,0,0,2,No
1.901158,tcp,-,FIN,60,14,68043,612,38.397651,254,252,281550.5,2394.330322,27,1,31.539458,134.911922,3758.685116,259.621875,255,1795643734,451932011,255,0.212178,0.147276,0.064902,1134,44,2,1,1,1,1,0,0,1,No
0.859495,tcp,-,FIN,10,8,534,354,19.779057,254,252,4477.047852,2885.415283,2,1,93.352778,109.660141,6190.383292,151.694047,255,1102048284,1239430399,255,0.179228,0.091865,0.087363,53,44,5,1,1,1,4,0,0,4,No
0.510794,tcp,-,FIN,10,6,534,268,29.366047,254,252,7533.369629,3508.263672,2,1,54.008333,71.559203,2904.518895,103.935273,255,3603263512,1082290095,255,0.220929,0.152991,0.067938,53,45,5,1,2,1,4,0,0,4,No
0.529074,tcp,-,FIN,10,6,534,268,28.351421,254,252,7273.084473,3387.049805,2,1,52.239556,76.496602,2796.769229,112.085875,255,1711827022,2450027348,255,0.185029,0.146588,0.038441,53,45,5,1,2,1,4,0,0,4,No
0.461784,tcp,-,FIN,10,6,534,268,32.482719,254,252,8332.900391,3880.602051,2,1,47.968333,75.208797,2818.149273,111.231836,255,1779685272,1223745977,255,0.125964,0.085732,0.040232,53,45,5,1,1,1,4,0,0,4,No
0.570921,tcp,-,FIN,10,6,534,268,26.273337,254,252,6739.986816,3138.788086,2,1,60.761222,87.032203,3117.177743,123.818328,255,1420539013,2893583289,255,0.195292,0.135751,0.059541,53,45,6,1,1,1,5,0,0,5,No
0.539759,tcp,-,FIN,10,6,534,268,27.790181,254,252,7129.10791,3320.000244,2,0,11046.1404,18396.684,1099164.845,40949.804,255,4045143773,888953717,255,0.278494,0.094763,0.183731,53,45,6,1,3,2,5,0,0,5,No
0.861101,tcp,-,FIN,10,6,534,268,17.41956,254,252,4468.697754,2081.056641,2,1,95.581111,152.098,5989.771922,273.989844,255,458349660,227680873,255,0.177454,0.100608,0.076846,53,45,6,1,3,1,5,0,0,5,No
0.539759,tcp,-,FIN,10,6,534,268,27.790181,254,252,7129.10791,3320.000244,2,0,11046.1404,18396.684,1099164.845,40949.804,255,4045143773,888953717,255,0.278494,0.094763,0.183731,53,45,6,1,3,2,5,0,0,5,No
1.961358,tcp,-,FIN,58,14,67963,612,36.19941,254,252,272431.6563,2320.841064,26,1,33.815561,144.340844,3807.096057,259.315516,255,2886127822,1930563334,255,0.203475,0.08492,0.118555,1172,44,1,1,1,1,1,0,0,2,No
0.553396,tcp,-,FIN,10,6,534,268,27.105365,254,252,6953.429688,3238.1875,2,1,58.247556,91.969797,3297.491599,133.614422,255,2187216842,2944724055,255,0.189711,0.093539,0.096172,53,45,6,1,1,1,5,0,0,5,No
0.522499,tcp,-,FIN,10,6,534,268,28.708188,254,252,7364.606934,3429.671387,2,1,53.794333,84.086,2698.095826,117.111672,255,2535052451,1743961558,255,0.17344,0.102065,0.071375,53,45,4,1,2,2,4,0,0,4,No
0.522499,tcp,-,FIN,10,6,534,268,28.708188,254,252,7364.606934,3429.671387,2,1,53.794333,84.086,2698.095826,117.111672,255,2535052451,1743961558,255,0.17344,0.102065,0.071375,53,45,4,1,2,2,4,0,0,4,No
0.816726,tcp,-,FIN,34,8,34230,354,50.200433,254,252,325435.9375,3036.513916,14,1,23.850575,89.348,2131.884431,117.913797,255,3434112364,4056273373,255,0.252216,0.191287,0.060929,1007,44,4,1,1,1,2,0,0,2,No
0.825711,tcp,-,FIN,10,6,534,268,18.166162,254,252,4660.226074,2170.250732,2,1,87.078667,152.901,4572.314529,242.734813,255,3408692805,2713641449,255,0.190066,0.061201,0.128865,53,45,4,1,1,1,4,0,0,4,No
0.688009,tcp,-,FIN,10,6,534,268,21.80204,254,252,5592.949707,2604.616943,2,1,70.225889,116.364398,3741.811812,172.409219,255,1138149668,616890418,255,0.156716,0.106183,0.050533,53,45,4,1,1,1,4,0,0,4,No
1.076408,tcp,-,FIN,34,10,34230,440,39.947677,254,252,246924.9531,2943.121826,14,1,31.023092,107.416219,2770.778766,164.314984,255,3960273827,3086346337,255,0.209126,0.109659,0.099467,1007,44,4,1,1,1,2,0,0,2,No
0.855328,tcp,-,FIN,10,6,534,268,17.537131,254,252,4498.858887,2095.102539,2,1,91.300778,150.193594,4608.684364,236.705078,255,3033987442,1878789480,255,0.254151,0.104355,0.149796,53,45,2,1,1,1,2,0,0,2,No
0.637328,tcp,-,FIN,10,8,534,354,26.673862,254,252,6037.707031,3891.24585,2,1,70.814222,72.195711,3826.298243,138.669422,255,3193519336,226761966,255,0.184307,0.113976,0.070331,53,44,2,1,1,1,2,0,0,2,No
1.197226,tcp,-,FIN,34,10,34230,440,35.916359,254,252,222006.5313,2646.116943,14,1,36.253668,111.591781,3105.965133,151.854375,255,3190544405,2497923829,255,0.295458,0.192899,0.102559,1007,44,1,1,1,1,1,0,0,1,No
0.799743,tcp,-,FIN,10,8,534,354,21.256829,254,252,4811.545898,3100.996094,2,1,88.764667,102.392289,5555.117165,178.224969,255,1039195861,681338459,255,0.180843,0.082989,0.097854,53,44,4,1,1,1,2,0,0,2,No
0.71936,tcp,-,FIN,10,6,534,268,20.851869,254,252,5349.199219,2491.103271,2,1,73.864556,125.662398,3919.907489,189.933484,255,1227750541,2813594048,255,0.195872,0.091039,0.104833,53,45,4,1,1,1,2,0,0,2,No
1.207251,tcp,-,FIN,34,12,34230,526,37.274769,254,252,220163,3200.660156,14,1,36.583363,102.064367,3701.652711,121.706312,255,525221611,4022120471,255,0.100521,0.035202,0.065319,1007,44,1,1,1,1,1,0,0,1,No
1.59266,tcp,-,FIN,10,8,534,354,10.673967,254,252,2416.08374,1557.143433,2,1,173.497333,209.353578,12114.79428,308.004281,255,3703449262,686173054,255,0.202633,0.12718,0.075453,53,44,1,1,1,1,1,0,0,1,No
1.138442,tcp,-,FIN,34,10,34230,440,37.770917,254,252,233469.9375,2782.750244,14,1,33.918,118.243219,3195.116358,208.487219,255,671017870,4278645264,255,0.211523,0.07425,0.137273,1007,44,1,1,1,1,1,0,0,1,No
1.611455,tcp,-,FIN,34,12,34230,526,27.925075,254,252,164939.1406,2397.833008,14,1,47.519698,138.269359,4735.081343,234.707938,255,3245173365,2943731971,255,0.206838,0.090483,0.116355,1007,44,1,1,1,1,1,0,0,1,No
0.685369,tcp,-,FIN,10,8,534,354,24.804156,254,252,5614.493652,3618.48877,2,1,73.906222,83.256,4332.757125,145.631359,255,4184347017,3544568398,255,0.172928,0.102569,0.070359,53,44,2,1,1,1,2,0,0,2,No
1.820431,tcp,-,FIN,34,12,34230,526,24.719421,254,252,146004.9844,2122.574219,14,1,55.164574,155.185266,5952.508466,223.600313,255,131093154,3252428459,255,0.156065,0.07482,0.081245,1007,44,1,1,1,1,1,0,0,1,No
0.792712,tcp,-,FIN,10,6,534,268,18.922384,254,252,4854.222168,2260.593994,2,1,87.946556,139.818797,4540.442707,240.468641,255,2585373221,2808292255,255,0.212343,0.093609,0.118734,53,45,3,1,1,1,3,0,0,3,No
0.630616,tcp,-,FIN,10,6,534,268,23.786266,254,252,6101.970215,2841.665771,2,1,70.068444,103.702398,3665.388466,173.985562,255,723844772,3984034002,255,0.1462,0.090082,0.056118,53,45,3,1,1,1,3,0,0,3,No
0.625885,tcp,-,FIN,10,6,534,268,23.966064,254,252,6148.094238,2863.145752,2,1,63.095222,98.187,3310.496542,144.811719,255,2265288575,2989502038,255,0.208777,0.134947,0.07383,53,45,4,1,1,1,3,0,0,3,No
1.304083,tcp,-,FIN,34,12,34230,526,34.507006,254,252,203815.25,2963.001709,14,1,38.476606,108.799367,4276.37323,136.802109,255,3522359907,3933731675,255,0.202733,0.107287,0.095446,1007,44,1,1,1,1,1,0,0,2,No
0.622882,tcp,-,FIN,10,6,534,268,24.081607,254,252,6177.734863,2876.949463,2,1,69.114556,97.539602,3472.878667,161.864625,255,986472504,506163407,255,0.193483,0.135178,0.058305,53,45,3,1,1,1,3,0,0,3,No
0.572249,tcp,-,FIN,10,6,534,268,26.212366,254,252,6724.345703,3131.503906,2,1,63.476889,92.516203,3137.656152,137.856109,255,2674795348,1278701534,255,0.19121,0.109665,0.081545,53,45,4,1,1,1,3,0,0,3,No
0.937427,tcp,-,FIN,20,8,17286,354,28.802243,254,252,140145.3125,2645.539307,7,1,49.268476,110.597859,4728.101389,164.917797,255,4212718683,2167780062,255,0.255385,0.163234,0.092151,864,44,2,1,1,1,2,0,0,2,No
0.65961,tcp,-,FIN,10,6,534,268,22.740711,254,252,5833.750488,2716.75708,2,1,71.385889,117.474797,3683.380829,195.114422,255,1468548825,3512055047,255,0.224,0.072235,0.151765,53,45,4,1,1,1,3,0,0,3,No
0.632476,tcp,-,FIN,20,8,17286,354,42.689369,254,252,207716.9844,3921.097656,7,1,29.853579,84.203,2135.339343,107.685133,255,940885491,3629952852,255,0.177058,0.043046,0.134012,864,44,2,1,1,1,2,0,0,2,No
0.836522,tcp,-,FIN,10,8,534,354,20.322239,254,252,4599.998535,2964.656006,2,1,82.287111,107.523141,4841.093077,161.918422,255,67019045,3503958836,255,0.233492,0.083857,0.149635,53,44,3,1,1,1,3,0,0,3,No
0.446268,tcp,-,FIN,10,6,534,268,33.61209,254,252,8622.621094,4015.524414,2,1,47.092556,78.078203,2437.802709,118.420109,255,1062537025,4121388554,255,0.105378,0.055876,0.049502,53,45,3,1,1,1,3,0,0,3,No
0.744409,tcp,-,FIN,10,6,534,268,20.150212,254,252,5169.201172,2407.278809,2,1,92.948251,126.022,4394.005772,206.963266,255,3093534375,3469488213,255,0.235964,0.114298,0.121666,53,45,3,1,1,1,3,0,0,3,No
0.762414,tcp,-,FIN,20,8,17286,354,35.413831,254,252,172315.8281,3252.825928,7,1,40.077263,99.476711,3261.146044,129.265992,255,2752655546,1222300108,255,0.136365,0.066073,0.070292,864,44,2,1,1,1,2,0,0,2,No
0.519177,tcp,-,FIN,20,8,17286,354,52.005383,254,252,253046.6406,4776.791016,7,1,25.841315,64.483715,1916.910721,83.555039,255,3207970188,2521083813,255,0.118799,0.067786,0.051013,864,44,2,1,1,1,2,0,0,2,No
0.63248,tcp,-,FIN,10,8,534,354,26.878319,254,252,6083.986816,3921.07251,2,1,68.354444,81.122141,4515.518055,124.654531,255,1198903257,3299255839,255,0.127381,0.064622,0.062759,53,44,3,1,1,1,3,0,0,4,No
0.726324,tcp,-,FIN,10,6,534,268,20.65194,254,252,5297.911133,2467.218506,2,1,76.424778,127.331203,4098.47559,212.971016,255,18451260,1468243438,255,0.159428,0.089665,0.069763,53,45,3,1,1,1,3,0,0,4,No
0.483116,tcp,-,FIN,10,6,534,268,31.048444,254,252,7964.960938,3709.25415,2,1,49.746556,80.739203,2551.198973,115.955531,255,2958463044,1078120746,255,0.135705,0.079417,0.056288,53,45,3,1,1,1,3,0,0,4,No
1.220888,tcp,-,FIN,10,8,534,354,13.924291,254,252,3151.804199,2031.30835,2,1,135.654222,156.830141,7448.812096,331.811188,255,3412630194,273268546,255,0.20162,0.085916,0.115704,53,44,2,1,1,1,2,0,0,2,No
1.685059,tcp,-,FIN,20,8,17286,354,16.023178,254,252,77965.22656,1471.758545,7,1,88.639632,221.945281,7895.888495,404.511031,255,420138050,3938645915,255,0.21793,0.131439,0.086491,864,44,1,1,1,1,1,0,0,1,No
0.594686,tcp,-,FIN,10,6,534,268,25.223396,254,252,6470.64209,3013.35498,2,1,63.038667,95.902,3212.410647,128.229562,255,2364886549,2868832845,255,0.226888,0.115172,0.111716,53,45,2,1,1,1,2,0,0,2,No
0.63043,tcp,-,FIN,20,8,17286,354,42.827912,254,252,208391.1094,3933.822998,7,1,30.547895,84.698859,2471.571478,123.393039,255,1127659624,1274914727,255,0.121538,0.037529,0.084009,864,44,2,1,1,1,2,0,0,2,No
1.29563,tcp,-,FIN,10,8,534,354,13.12103,254,252,2969.983643,1914.126709,2,1,143.850444,174.409422,10143.41424,256.499703,255,1145694134,4230109752,255,0.172346,0.074763,0.097583,53,44,2,1,1,1,2,0,0,2,No
0.941741,tcp,-,FIN,10,8,534,354,18.051673,254,252,4086.049072,2633.42041,2,1,104.637889,121.302711,5638.338923,226.133531,255,3110705066,1025610026,255,0.193084,0.091911,0.101173,53,44,2,1,1,1,2,0,0,2,No
1.056353,tcp,-,FIN,20,8,17286,354,25.559638,254,252,124367.5234,2347.700195,7,1,53.304792,136.557719,4866.20261,190.027656,255,4218461659,1133222862,255,0.207851,0.100444,0.107407,864,44,2,1,1,1,2,0,0,2,No
0.607827,tcp,-,FIN,20,8,17286,354,44.420534,254,252,216140.4375,4080.108154,7,1,31.990896,69.665711,2533.662118,96.404414,255,3678814804,824937117,255,0.143415,0.102516,0.040899,864,44,1,1,1,1,1,0,0,1,No
0.626751,tcp,-,FIN,10,6,534,268,23.932949,254,252,6139.599121,2859.189697,2,1,69.619889,106.015398,3652.478028,173.904359,255,709898781,361661566,255,0.264164,0.096665,0.167499,53,45,2,1,1,1,1,0,0,1,No
1.699626,tcp,-,FIN,14,8,8854,354,12.35566,254,252,38700.28125,1459.144531,4,1,130.736849,230.029578,8732.912617,357.603594,255,1025577267,1763999625,255,0.213557,0.089418,0.124139,632,44,1,1,1,1,1,0,0,1,No
0.791183,tcp,-,FIN,10,6,534,268,18.958951,254,252,4863.603027,2264.962646,2,1,87.909222,139.188797,4507.924194,230.189531,255,2299968224,816287476,255,0.168025,0.094171,0.073854,53,45,3,1,1,1,3,0,0,3,No
0.745424,tcp,-,FIN,10,6,534,268,20.122777,254,252,5162.163086,2404.000977,2,1,68.857,131.599594,3437.468723,163.947531,255,3492024575,4209959447,255,0.191632,0.087425,0.104207,53,45,3,1,1,1,3,0,0,3,No
0.549529,tcp,-,FIN,10,6,534,268,27.296102,254,252,7002.359863,3260.974365,2,1,61.058778,89.736,2975.421358,142.107922,255,2753147648,1477300574,255,0.145016,0.100188,0.044828,53,45,3,1,1,1,3,0,0,3,No
2.305187,tcp,-,FIN,14,8,8854,354,9.10989,254,252,28533.91016,1075.834595,4,1,174.40862,310.915844,14787.34307,488.095563,255,3119299823,1457004747,255,0.274752,0.128768,0.145984,632,44,1,1,1,1,1,0,0,1,No
0.896651,tcp,-,FIN,10,6,534,268,16.728916,254,252,4291.524414,1998.547852,2,1,97.022667,160.037797,5348.406924,254.733578,255,297687182,3280737504,255,0.151166,0.096453,0.054713,53,45,2,1,1,1,2,0,0,2,No
0.802407,tcp,-,FIN,10,6,534,268,18.693755,254,252,4795.571289,2233.280518,2,1,83.000111,128.421203,4354.731638,197.769156,255,3558521815,630575075,255,0.277114,0.160292,0.116822,53,45,2,1,1,1,2,0,0,2,No
0.789784,tcp,-,FIN,10,6,534,268,18.992534,254,252,4872.218262,2268.974854,2,1,79.441444,140.905797,4082.585384,199.765641,255,3706788283,2657798072,255,0.126532,0.085246,0.041286,53,45,3,1,1,1,2,0,0,2,No
0.745499,tcp,-,FIN,14,6,8854,268,25.486285,254,252,88230.83594,2403.759033,4,1,55.192154,131.783,3311.392472,195.149719,255,1380581801,2488939318,255,0.16751,0.086577,0.080933,632,45,1,1,1,1,1,0,0,1,No
0,arp,-,INT,1,0,46,0,0,0,0,0,0,0,0,60000.732,0,0,0,0,0,0,0,0,0,0,46,0,1,2,1,1,1,0,0,1,No
0,arp,-,INT,1,0,46,0,0,0,0,0,0,0,0,60000.748,0,10.95452,0,0,0,0,0,0,0,0,46,0,1,2,1,1,1,0,0,1,No
0.761406,tcp,-,FIN,10,6,534,268,19.700396,254,252,5053.808105,2353.540771,2,1,73.993,131.721594,3872.766851,191.848688,255,3887254525,2502661730,255,0.218855,0.102797,0.116058,53,45,3,1,1,1,2,0,0,2,No
0.608317,tcp,-,FIN,10,6,534,268,24.658196,254,252,6325.648926,2945.83252,2,1,67.590778,104.191203,3336.927808,171.432906,255,2790081759,708390272,255,0.188541,0.086341,0.1022,53,45,4,1,1,1,4,0,0,4,No
0.771224,tcp,-,FIN,14,6,8854,268,24.636162,254,252,85287.79688,2323.579102,4,1,56.37977,125.874797,3403.543553,192.553078,255,1113603433,3990002973,255,0.226017,0.141843,0.084174,632,45,2,1,1,1,2,0,0,2,No
0.732356,tcp,-,FIN,10,6,534,268,20.481842,254,252,5254.275391,2446.897461,2,1,78.602,103.748398,4301.896649,157.938375,255,3575341270,2732265086,255,0.31998,0.213609,0.106371,53,45,4,1,2,1,4,0,0,4,No
0.534289,tcp,-,FIN,10,6,534,268,28.074694,254,252,7202.094727,3353.98999,2,1,59.261,74.658398,3070.68093,121.340992,255,3347834447,3632763462,255,0.205487,0.160988,0.044499,53,45,4,1,2,1,4,0,0,4,No
1.027068,tcp,-,FIN,14,8,8854,354,20.446552,254,252,64042.49609,2414.640381,4,1,74.904924,133.887141,5219.865227,250.440125,255,1717779845,1630534340,255,0.220011,0.089853,0.130158,632,44,2,1,1,1,2,0,0,2,No
1.496519,tcp,-,FIN,10,8,534,354,11.359696,254,252,2571.300537,1657.179077,2,1,166.154556,199.216281,9879.098769,414.830469,255,687073756,11543948,255,0.192866,0.101996,0.09087,53,44,4,1,1,1,4,0,0,4,No
0.917643,tcp,-,FIN,14,8,8854,354,22.884716,254,252,71679.28906,2702.575928,4,1,70.587924,118.556141,5632.683451,161.361297,255,42087571,3588804293,255,0.158145,0.087127,0.071018,632,44,2,1,1,1,2,0,0,3,No
0.622413,tcp,-,FIN,14,6,8854,268,30.526356,254,252,105679.0313,2879.117432,4,1,47.877924,110.696602,2954.686361,186.193859,255,1706877364,3297792177,255,0.122004,0.068189,0.053815,632,45,2,1,1,1,2,0,0,3,No
0.648774,tcp,-,FIN,14,6,8854,268,29.286006,254,252,101385.0703,2762.132812,4,1,49.905694,100.688602,3123.877627,171.376094,255,115014244,3853924390,255,0.156707,0.09964,0.057067,632,45,1,1,1,1,1,0,0,1,No
1.086936,tcp,-,FIN,10,8,534,354,15.640295,254,252,3540.226807,2281.643066,2,1,120.670667,143.744281,6950.332304,234.088953,255,1227731360,1980480585,255,0.138859,0.08072,0.058139,53,44,1,1,1,1,1,0,0,1,No
0.96957,tcp,-,FIN,12,8,4678,354,19.596316,254,252,35388.88281,2557.834961,3,1,83.164728,124.849711,5715.60787,173.088172,255,1099335489,2695913083,255,0.161528,0.095613,0.065915,390,44,2,1,1,1,2,0,0,2,No
0.924929,tcp,-,FIN,12,8,4678,354,20.542117,254,252,37096.90234,2681.286865,3,1,79.979548,124.42343,5001.116717,186.782031,255,924825045,2541475797,255,0.156176,0.053956,0.10222,390,44,2,1,1,1,2,0,0,2,No
0.986887,tcp,-,FIN,10,8,534,354,17.225883,254,252,3899.129395,2512.952393,2,1,109.547333,126.358289,5832.486258,241.788406,255,427460470,187306333,255,0.186013,0.102377,0.083636,53,44,1,1,1,1,1,0,0,1,No
0.853788,tcp,-,FIN,10,8,534,354,19.911266,254,252,4506.973633,2904.702393,2,1,89.709444,108.488711,6226.984957,142.249234,255,3661761876,3939269617,255,0.126687,0.094364,0.032323,53,44,2,1,1,1,2,0,0,2,No
1.098576,tcp,-,FIN,10,6,534,268,13.65404,254,252,3502.716309,1631.202637,2,1,117.336111,202.495,7553.934174,354.698,255,78884545,1455987186,255,0.170101,0.086092,0.084009,53,45,2,1,1,1,2,0,0,2,No
0.735988,tcp,-,FIN,12,8,4678,354,25.815638,254,252,46620.32422,3369.620117,3,1,62.581274,81.662711,4025.321843,129.968664,255,4036969583,4233498829,255,0.208781,0.16434,0.044441,390,44,2,1,1,1,2,0,0,2,No
0.634767,tcp,-,FIN,12,6,4678,268,26.781481,254,252,54054.48047,2823.083252,3,1,54.28182,112.524602,3298.180703,172.001047,255,3662450247,349226985,255,0.19783,0.072143,0.125687,390,45,2,1,1,1,2,0,0,2,No
0.614621,tcp,-,FIN,10,6,534,268,24.405285,254,252,6260.769043,2915.61792,2,1,63.528222,107.622,3337.761825,147.236578,255,856824230,1354585946,255,0.211622,0.076506,0.135116,53,45,4,1,1,1,4,0,0,4,No
0.679848,tcp,-,FIN,12,6,4678,268,25.005589,254,252,50470.10547,2635.883301,3,1,61.722456,120.147797,3499.754391,200.579219,255,3139116294,1011321927,255,0.167543,0.079101,0.088442,390,45,3,1,1,1,3,0,0,3,No
0.594847,tcp,-,FIN,10,6,534,268,25.216567,254,252,6468.890137,3012.539307,2,1,64.222333,104.077203,3424.096829,168.335469,255,945121910,3606605796,255,0.167993,0.074452,0.093541,53,45,4,1,1,1,4,0,0,4,No
0.516332,tcp,-,FIN,10,6,534,268,29.051077,254,252,7452.569824,3470.635254,2,1,57.260889,84.137398,2786.845248,122.374102,255,357434057,3815772691,255,0.149481,0.095636,0.053845,53,45,4,1,2,1,4,0,0,4,No
0.561672,tcp,-,FIN,12,6,4678,268,30.266776,254,252,61089.03906,3190.474365,3,1,48.581182,101.184,2964.167347,155.344578,255,2245749386,633455154,255,0.129492,0.055743,0.073749,390,45,3,1,1,1,3,0,0,3,No
0.661181,tcp,-,FIN,10,6,534,268,22.686678,254,252,5819.88916,2710.301758,2,1,65.712333,108.393203,3415.929331,155.328172,255,3672407635,2322568712,255,0.204301,0.119212,0.085089,53,45,4,1,2,1,4,0,0,4,No
0.635368,tcp,-,FIN,10,6,534,268,23.608366,254,252,6056.333008,2820.412842,2,1,68.403556,111.698203,3524.904508,177.887719,255,4077322981,3692271317,255,0.145832,0.076873,0.068959,53,45,2,1,1,1,2,0,0,2,No
0.611144,tcp,-,FIN,10,6,534,268,24.544133,254,252,6296.388184,2932.205811,2,1,66.181248,111.852602,3793.013766,142.643969,255,2575827719,1838658639,255,0.129638,0.051877,0.077761,53,45,2,1,1,1,2,0,0,2,No
0.732747,tcp,-,FIN,10,6,534,268,20.470912,254,252,5251.471191,2445.591553,2,1,77.366111,123.057797,4797.113884,207.444047,255,4022652943,822366023,255,0.17184,0.117451,0.054389,53,45,4,1,3,2,4,0,0,5,No
0.732747,tcp,-,FIN,10,6,534,268,20.470912,254,252,5251.471191,2445.591553,2,1,77.366111,123.057797,4797.113884,207.444047,255,4022652943,822366023,255,0.17184,0.117451,0.054389,53,45,4,1,3,2,4,0,0,5,No
0.517536,tcp,-,FIN,10,6,534,268,28.983492,254,252,7435.231934,3462.561279,2,1,53.332222,90.531797,3101.484243,122.504906,255,70087937,3679576708,255,0.127318,0.064867,0.062451,53,45,4,1,1,1,4,0,0,5,No
0.753338,tcp,-,FIN,10,6,534,268,19.911382,254,252,5107.933105,2378.746338,2,1,83.703333,140.049203,4412.601309,200.540016,255,3898771621,2421484086,255,0.136984,0.053089,0.083895,53,45,3,1,1,1,2,0,0,2,No
0.541942,tcp,-,FIN,10,6,534,268,27.678239,254,252,7100.390625,3306.626953,2,1,57.221,84.538398,3010.850906,131.233672,255,4155970487,2164959732,255,0.205444,0.119249,0.086195,53,45,3,1,1,1,2,0,0,2,No
0.52215,tcp,-,FIN,10,6,534,268,28.727378,254,252,7369.530273,3431.964111,2,1,54.334667,92.483203,2783.588544,145.497281,255,2890661089,1130039488,255,0.157317,0.059727,0.09759,53,45,3,1,1,1,3,0,0,3,No
0.482278,tcp,-,FIN,10,6,534,268,31.102394,254,252,7978.800781,3715.699219,2,1,48.925556,84.868,2687.31298,113.573961,255,3270431884,2615890359,255,0.100293,0.057928,0.042365,53,45,3,1,2,1,3,0,0,3,No
0.790611,tcp,-,FIN,10,6,534,268,18.972667,254,252,4867.121582,2266.601318,2,1,86.202,145.453594,4723.535897,234.248094,255,1639452342,2638851378,255,0.126382,0.063337,0.063045,53,45,3,1,2,1,3,0,0,3,No
0.579719,tcp,-,FIN,10,8,534,354,29.324552,254,252,6637.69873,4277.93457,2,1,64.317667,73.440141,4110.878018,123.781305,255,1715992854,1719395638,255,0.130054,0.065632,0.064422,53,44,5,1,1,1,3,0,0,3,No
0.785542,tcp,-,FIN,10,6,534,268,19.095096,254,252,4898.528809,2281.227539,2,1,87.182333,133.734406,4387.3594,211.449109,255,531582909,2528119291,255,0.255031,0.116867,0.138164,53,45,5,1,1,1,3,0,0,3,No
0.857767,tcp,-,FIN,10,8,534,354,19.818902,254,252,4486.066895,2891.228027,2,1,95.212444,109.041289,5275.90597,210.573031,255,1692468706,585936510,255,0.167904,0.094469,0.073435,53,44,5,1,1,1,3,0,0,3,No
0.590396,tcp,-,FIN,10,6,534,268,25.406677,254,252,6517.659668,3035.250977,2,1,65.477667,106.427398,3157.243888,146.255547,255,283098279,123353901,255,0.118808,0.058255,0.060553,53,45,4,1,2,2,3,0,0,3,No
0.590396,tcp,-,FIN,10,6,534,268,25.406677,254,252,6517.659668,3035.250977,2,1,65.477667,106.427398,3157.243888,146.255547,255,283098279,123353901,255,0.118808,0.058255,0.060553,53,45,4,1,2,2,3,0,0,3,No
0.845511,tcp,-,FIN,10,8,534,354,20.106184,254,252,4551.09375,2933.137451,2,1,92.239444,108.192289,5171.147801,196.083406,255,1862123636,2842868913,255,0.152399,0.088156,0.064243,53,44,4,1,1,1,3,0,0,3,No
2.013644,tcp,-,FIN,10,8,534,354,8.442406,254,252,1910.963379,1231.598022,2,1,220.272111,276.442719,14079.78343,408.024375,255,112145204,922921050,255,0.150122,0.078541,0.071581,53,44,3,1,1,1,1,0,0,1,No
0.582287,tcp,-,FIN,10,6,534,268,25.760492,254,252,6608.424805,3077.52002,2,1,64.698556,99.801398,3503.37011,163.150281,255,4160845662,2300069476,255,0.128942,0.08256,0.046382,53,45,5,1,1,1,3,0,0,3,No
0.667893,tcp,-,FIN,10,6,534,268,22.458687,254,252,5761.401855,2683.064453,2,1,74.210333,105.634602,3770.028982,186.777891,255,1364736436,2602480928,255,0.252221,0.120232,0.131989,53,45,5,1,1,1,3,0,0,3,No
0.601253,tcp,-,FIN,10,6,534,268,24.947902,254,252,6399.968262,2980.442627,2,1,66.708556,108.085797,3321.383864,177.352703,255,1545724128,1401541069,255,0.136699,0.060821,0.075878,53,45,5,1,1,1,3,0,0,3,No
0.423799,tcp,-,FIN,10,6,534,268,35.394137,254,252,9079.775391,4228.419434,2,1,47.088778,56.040801,2334.061926,74.645813,255,3450720569,3288563816,255,0.139455,0.104462,0.034993,53,45,3,1,1,1,2,0,0,2,No
1.033171,tcp,-,FIN,10,8,534,354,16.454197,254,252,3724.455811,2400.376953,2,1,114.796778,132.656,7053.53234,195.695391,255,912500981,1728809590,255,0.141443,0.10362,0.037823,53,44,3,1,1,1,2,0,0,2,No
0.492845,tcp,-,FIN,10,6,534,268,30.435533,254,252,7807.728516,3636.031738,2,1,51.864444,86.213398,2812.981049,122.530453,255,853508621,3353143169,255,0.124059,0.061768,0.062291,53,45,1,1,1,1,1,0,0,1,No
1.096771,tcp,-,FIN,10,8,534,354,15.500045,254,252,3508.480713,2261.183105,2,1,115.382222,145.672859,6344.847382,223.652391,255,1497199645,3545984423,255,0.214661,0.077051,0.13761,53,44,5,1,1,1,2,0,0,2,No
1.758186,tcp,-,FIN,10,8,534,354,9.669057,254,252,2188.619385,1410.5448,2,1,195.354,240.766281,12699.09578,521.330812,255,2891405979,3745219715,255,0.189256,0.072141,0.117115,53,44,5,1,1,1,2,0,0,2,No
1.685179,tcp,-,FIN,10,8,534,354,10.087949,254,252,2283.437012,1471.653809,2,1,187.226333,224.594719,11063.05336,356.736281,255,4284666329,3030433043,255,0.195887,0.113008,0.082879,53,44,1,1,1,1,1,0,0,1,No
1.910248,tcp,ftp,FIN,62,20,68109,1026,42.40287,254,252,280637.9063,4083.239258,28,4,31.31554,96.738422,3675.096013,190.842797,255,1739940755,196470105,255,0.21821,0.046945,0.171265,1099,51,1,1,1,1,1,0,0,1,No
1.537724,tcp,-,FIN,10,8,534,354,11.0553,254,252,2502.399658,1612.773193,2,1,170.858222,207.723281,10505.20106,306.952031,255,4062561781,2410395486,255,0.143776,0.082942,0.060834,53,44,2,1,1,1,1,0,0,1,No
1.020846,tcp,-,FIN,10,8,534,354,16.652854,254,252,3769.422607,2429.357666,2,1,113.334556,131.175141,6072.843074,238.091969,255,3495879640,3183127539,255,0.19447,0.102616,0.091854,53,44,1,1,1,1,1,0,0,1,No
0.825633,tcp,-,FIN,10,6,534,268,18.167879,254,252,4660.666504,2170.455811,2,1,88.666778,148.054594,4787.517563,237.162,255,2141094085,3804189049,255,0.129764,0.085351,0.044413,53,45,3,1,1,1,1,0,0,1,No
0.572877,tcp,-,FIN,10,6,534,268,26.183632,254,252,6716.974121,3128.071289,2,1,56.243,101.081797,2831.605103,139.264219,255,3284360208,3587761684,255,0.123146,0.06746,0.055686,53,45,3,1,1,1,2,0,0,2,No
1.24187,tcp,-,FIN,10,6,756,268,12.078559,254,252,4386.932617,1442.985107,2,1,135.050778,226.351,8793.995976,415.936719,255,799562695,784927613,255,0.243182,0.110108,0.133074,76,45,1,1,1,1,1,0,0,1,No
0.567372,tcp,-,FIN,10,6,756,268,26.43768,254,252,9602.165039,3158.421387,2,1,61.529,102.651,3475.53379,168.274812,255,784073118,1685085134,255,0.117681,0.054112,0.063569,76,45,4,1,1,1,3,0,0,4,No
1.091367,tcp,-,FIN,10,8,534,354,15.576795,254,252,3525.853271,2272.379395,2,1,116.372778,146.285422,6242.88991,282.264281,255,3429546161,3272277600,255,0.246226,0.06736,0.178866,53,44,4,1,1,1,2,0,0,2,No
0.860471,tcp,-,FIN,10,6,534,268,17.432313,254,252,4471.969238,2082.580322,2,1,91.400222,156.639797,5094.536263,244.389172,255,2288273344,1887560576,255,0.138516,0.077262,0.061254,53,45,4,1,1,1,2,0,0,2,No
1.089328,tcp,-,FIN,10,6,756,268,13.769957,254,252,5001.248047,1645.050781,2,1,116.976111,208.192594,7997.820008,362.108031,255,1736697242,240293469,255,0.119533,0.048363,0.07117,76,45,3,1,1,1,3,0,0,4,No
0,arp,-,INT,1,0,46,0,0,0,0,0,0,0,0,60000.704,0,0,0,0,0,0,0,0,0,0,46,0,1,2,1,1,1,0,0,1,No
0,arp,-,INT,1,0,46,0,0,0,0,0,0,0,0,60000.7,0,0,0,0,0,0,0,0,0,0,46,0,1,2,1,1,1,0,0,1,No
0.589532,tcp,-,FIN,10,6,534,268,25.443911,254,252,6527.211426,3039.699219,2,1,65.406667,100.526,3412.476891,166.945234,255,2172529354,40905829,255,0.160568,0.086893,0.073675,53,45,5,1,1,1,2,0,0,3,No
1.044655,tcp,-,FIN,10,8,534,354,16.273316,254,252,3683.512939,2373.989502,2,1,116.072778,139.972,6487.985598,245.117609,255,4212418700,706823371,255,0.144909,0.064734,0.080175,53,44,5,1,1,1,2,0,0,3,No
1.031887,tcp,-,FIN,10,6,534,268,14.536475,254,252,3729.090332,1736.624146,2,1,114.55,193.585797,6382.743163,342.289156,255,1118843084,1159499932,255,0.194333,0.06395,0.130383,53,45,2,1,1,1,1,0,0,2,No
0.975058,tcp,-,FIN,10,8,534,354,17.43486,254,252,3946.431885,2543.438477,2,1,108.339778,130.448289,6777.460156,199.092375,255,4230380764,1225618874,255,0.136103,0.06112,0.074983,53,44,1,1,1,1,1,0,0,1,No
1.41754,tcp,-,FIN,10,8,756,354,11.992607,254,252,3843.277832,1749.509766,2,1,157.504444,189.533422,8879.918631,355.214812,255,2967499715,1198972375,255,0.155334,0.090081,0.065253,76,44,1,1,1,1,1,0,0,1,No
0.614875,tcp,-,FIN,10,6,534,268,24.395202,254,252,6258.182129,2914.41333,2,1,64.499,113.039602,3704.687347,180.149359,255,3827410200,3701136106,255,0.099738,0.049676,0.050062,53,45,4,1,1,1,3,0,0,3,No
1.535806,tcp,-,FIN,10,8,534,354,11.069107,254,252,2505.524902,1614.787354,2,1,163.237778,205.862281,8780.164654,326.465062,255,4045143727,888953717,255,0.278494,0.094763,0.183731,53,44,4,1,2,2,3,0,0,3,No
1.535806,tcp,-,FIN,10,8,534,354,11.069107,254,252,2505.524902,1614.787354,2,1,163.237778,205.862281,8780.164654,326.465062,255,4045143727,888953717,255,0.278494,0.094763,0.183731,53,44,4,1,2,2,3,0,0,3,No
0.79264,tcp,-,FIN,10,6,756,268,18.924102,254,252,6873.233887,2260.799316,2,1,84.468111,130.775797,4350.292186,206.470656,255,2842795391,2773094433,255,0.182359,0.138757,0.043602,76,45,3,1,1,1,3,0,0,3,No
0.550534,tcp,-,FIN,10,6,756,268,27.246273,254,252,9895.84668,3255.021484,2,1,61.092556,86.259797,3033.382567,133.748266,255,3785179133,2578453384,255,0.197642,0.119226,0.078416,76,45,2,1,1,1,2,0,0,2,No
1.586373,tcp,-,FIN,10,8,534,354,10.716269,254,252,2425.65918,1563.314575,2,1,176.263667,213.666859,12526.28232,323.908063,255,1377956953,1495794280,255,0.169156,0.090049,0.079107,53,44,2,1,1,1,1,0,0,1,No
1.481174,tcp,-,FIN,10,8,534,354,11.477382,254,252,2597.939209,1674.347534,2,1,159.374778,192.510422,9912.470487,401.004969,255,2044349727,2937220526,255,0.206008,0.133591,0.072417,53,44,2,1,1,1,1,0,0,1,No
0.787675,tcp,-,FIN,10,6,534,268,19.043387,254,252,4885.263672,2275.049805,2,1,83.671444,137.817797,4487.36215,229.224281,255,848130117,2304224449,255,0.146187,0.09858,0.047607,53,45,6,1,1,1,2,0,0,2,No
2.436643,tcp,-,FIN,10,8,534,354,6.976812,254,252,1579.221924,1017.793762,2,1,264.821778,327.253844,16439.77259,473.656469,255,1991221519,2112073524,255,0.261818,0.14586,0.115958,53,44,6,1,1,1,2,0,0,2,No
1.151195,tcp,-,FIN,10,6,534,268,13.029938,254,252,3342.613281,1556.643188,2,1,122.866444,214.119406,8173.801417,367.927062,255,2346402036,3761979780,255,0.137952,0.080594,0.057358,53,45,2,1,1,1,1,0,0,1,No
0.751235,tcp,-,FIN,10,6,534,268,19.967121,254,252,5122.231934,2385.405273,2,1,78.592444,139.108594,4338.678454,232.027578,255,1781192013,429297374,255,0.126362,0.055683,0.070679,53,45,4,1,1,1,2,0,0,2,No
0.54079,tcp,-,FIN,10,6,534,268,27.737198,254,252,7115.516113,3313.670654,2,1,58.310222,83.154,3079.904525,128.9405,255,2285731639,1340420737,255,0.224566,0.125016,0.09955,53,45,4,1,1,1,2,0,0,2,No
0.955965,tcp,-,FIN,10,6,534,268,15.690951,254,252,4025.251953,1874.545654,2,1,102.023,173.997594,5579.090656,286.885219,255,1091526221,3738218005,255,0.130807,0.085972,0.044835,53,45,3,1,1,1,2,0,0,2,No
0.948198,tcp,-,FIN,10,6,534,268,15.81948,254,252,4058.224121,1889.900635,2,1,101.609889,173.315797,5454.560076,303.748656,255,3360653974,3360838492,255,0.231244,0.081618,0.149626,53,45,3,1,1,1,2,0,0,2,No
0.539467,tcp,-,FIN,10,6,534,268,27.805224,254,252,7132.966797,3321.797363,2,1,59.940778,86.469797,2985.069022,138.308344,255,4117543630,2441351740,255,0.196483,0.106388,0.090095,53,45,3,1,1,1,2,0,0,2,No
0.755002,tcp,-,FIN,10,6,534,268,19.867496,254,252,5096.675293,2373.503662,2,1,81.228667,129.132,4272.394255,212.578297,255,1395687813,159430689,255,0.184912,0.109333,0.075579,53,45,3,1,1,1,2,0,0,2,No
1.69253,tcp,-,FIN,10,8,534,354,10.044135,254,252,2273.519531,1465.262085,2,1,185.373222,232.144859,11621.90439,332.258375,255,3344883184,2937820312,255,0.139804,0.067507,0.072297,53,44,4,1,1,1,2,0,0,2,No
1.56625,tcp,-,FIN,10,8,756,354,10.853951,254,252,3478.37207,1583.399902,2,1,173.921889,208.737,10476.84001,408.199719,255,1100408119,61330733,255,0.193872,0.105081,0.088791,76,44,2,1,1,1,2,0,0,2,No
0.715213,tcp,-,FIN,10,6,534,268,20.972773,254,252,5380.215332,2505.547363,2,1,79.455222,126.672602,4248.505271,211.58525,255,4202642029,3184494072,255,0.169221,0.081841,0.08738,53,45,4,1,1,1,2,0,0,2,No
2.034017,tcp,-,FIN,10,8,534,354,8.357845,254,252,1891.822876,1219.262085,2,1,221.118556,278.473281,15340.58733,608.493625,255,266089955,4114302905,255,0.189717,0.084694,0.105023,53,44,2,1,1,1,1,0,0,1,No
0.991886,tcp,-,FIN,10,8,534,354,17.139066,254,252,3879.478027,2500.287354,2,1,104.687778,131.852422,6617.364354,183.013766,255,1639952250,1991736385,255,0.122574,0.068909,0.053665,53,44,3,1,1,1,1,0,0,1,No
0.610736,tcp,-,FIN,10,6,534,268,24.56053,254,252,6300.594727,2934.164551,2,1,63.162444,103.300797,3360.321415,161.803984,255,110129511,2474215420,255,0.170992,0.094222,0.07677,53,45,5,1,1,1,3,0,0,3,No
0.364011,tcp,-,FIN,10,6,534,268,41.207547,254,252,10571.10938,4922.928223,2,1,36.234222,59.360398,1818.547343,80.639867,255,2462688011,1620888204,255,0.109748,0.0672,0.042548,53,45,5,1,1,1,3,0,0,3,No
1.5716,tcp,-,FIN,10,8,534,354,10.817002,254,252,2448.460205,1578.009766,2,1,174.622222,209.218719,10479.90864,432.625938,255,2058229713,399091025,255,0.165023,0.060951,0.104072,53,44,5,1,1,1,3,0,0,3,No
1.902282,tcp,-,FIN,10,8,756,354,8.936635,254,252,2863.928711,1303.697388,2,1,202.841333,250.635422,13111.31198,340.552563,255,3140783757,1003261709,255,0.237067,0.147826,0.089241,76,44,1,1,1,1,1,0,0,1,No
2.745877,tcp,-,FIN,10,8,534,354,6.1911,254,252,1401.373779,903.172302,2,1,299.289222,381.673156,22858.36413,838.321063,255,1734667006,3018202830,255,0.109111,0.074155,0.034956,53,44,5,1,1,1,1,0,0,1,No
0.64252,tcp,-,FIN,10,6,756,268,23.345576,254,252,8479.113281,2789.018311,2,1,71.283444,109.068398,3565.430846,176.413031,255,1645616175,511269599,255,0.174002,0.097168,0.076834,76,45,3,1,1,1,3,0,0,3,No
0.736924,tcp,-,FIN,10,6,756,268,20.354881,254,252,7392.892578,2431.729736,2,1,76.028444,125.675602,4251.003661,189.90625,255,56977572,1072419942,255,0.183734,0.108542,0.075192,76,45,3,1,1,1,3,0,0,3,No
0.670568,tcp,-,FIN,10,6,756,268,22.369096,254,252,8124.456055,2672.361328,2,1,69.314111,109.290203,3794.25515,171.802344,255,2874321609,134985815,255,0.174738,0.124115,0.050623,76,45,2,1,1,1,2,0,0,2,No
1.580464,tcp,-,FIN,10,8,534,354,10.756335,254,252,2434.728027,1569.159424,2,1,170.463111,212.317,11520.27498,290.9705,255,2452661003,3711063053,255,0.188766,0.094236,0.09453,53,44,2,1,1,1,1,0,0,1,No
0.916248,tcp,-,FIN,10,6,534,268,16.371113,254,252,4199.736328,1955.802368,2,1,86.566222,165.915594,4483.209636,220.156156,255,1629827176,2405764478,255,0.147712,0.08666,0.061052,53,45,2,1,1,1,2,0,0,2,No
1.988994,tcp,-,FIN,10,8,534,354,8.547034,254,252,1934.646362,1246.86145,2,1,220.987778,263.649563,12958.3172,377.213375,255,3156002169,3300514039,255,0.211952,0.143441,0.068511,53,44,2,1,1,1,2,0,0,2,No
0,arp,-,INT,1,0,46,0,0,0,0,0,0,0,0,60000.74,0,0,0,0,0,0,0,0,0,0,46,0,1,2,1,1,1,0,0,1,No
0,arp,-,INT,1,0,46,0,0,0,0,0,0,0,0,60000.736,0,0,0,0,0,0,0,0,0,0,46,0,1,2,1,1,1,0,0,1,No
0.725995,tcp,-,FIN,10,8,534,354,23.416139,254,252,5300.312012,3416.001465,2,1,75.886333,87.20643,4686.627985,149.507234,255,885962883,2297835033,255,0.194452,0.115544,0.078908,53,44,3,1,1,1,2,0,0,2,No
0.485631,tcp,-,FIN,10,6,534,268,30.88765,254,252,7923.711914,3690.044678,2,1,48.233222,84.695203,2459.506441,121.938352,255,1100867550,3876038618,255,0.111755,0.062146,0.049609,53,45,6,1,1,1,3,0,0,3,No
0.400977,tcp,-,FIN,10,6,534,268,37.408631,254,252,9596.560547,4469.084473,2,1,43.094,68.790797,2230.832195,97.490188,255,553534084,2300722604,255,0.121486,0.057014,0.064472,53,45,6,1,1,1,3,0,0,3,No
1.794339,tcp,-,FIN,10,8,534,354,9.474241,254,252,2144.522461,1382.124634,2,1,193.125889,249.089578,12095.9352,427.234812,255,2744766921,422492831,255,0.118607,0.050702,0.067905,53,44,3,1,1,1,2,0,0,2,No
0.884028,tcp,-,FIN,10,8,534,354,19.23016,254,252,4352.803223,2805.341064,2,1,98.225333,121.611289,5515.530365,201.446063,255,3885274363,1040120304,255,0.145732,0.031721,0.114011,53,44,1,1,1,1,1,0,0,1,No
0,arp,-,INT,1,0,46,0,0,0,0,0,0,0,0,0,0,0,0,0,0,0,0,0,0,0,46,0,1,2,1,1,1,0,0,1,No
0,arp,-,INT,1,0,46,0,0,0,0,0,0,0,0,0,0,0,0,0,0,0,0,0,0,0,46,0,1,2,1,1,1,0,0,1,No
1.047523,tcp,-,FIN,10,6,534,268,14.319494,254,252,3673.427734,1710.702271,2,1,116.391444,187.719594,6079.50219,319.048563,255,3228435244,244277659,255,0.162491,0.108308,0.054183,53,45,3,1,1,1,1,0,0,1,No
0.600858,tcp,-,FIN,10,6,534,268,24.964302,254,252,6404.175781,2982.401855,2,1,59.931,111.788,3518.93346,183.253109,255,1615465408,1802843155,255,0.114453,0.041912,0.072541,53,45,2,1,1,1,1,0,0,1,No
0.729303,tcp,-,FIN,10,6,534,268,20.567583,254,252,5276.270508,2457.140625,2,1,77.115889,132.023406,4632.301254,226.520109,255,796962732,2230692017,255,0.140114,0.069177,0.070937,53,45,4,1,1,1,3,0,0,3,No
1.438697,tcp,-,FIN,10,8,534,354,11.816248,254,252,2674.642334,1723.781982,2,1,150.693,193.378578,9076.90064,364.009969,255,1084842569,2196472880,255,0.150856,0.085038,0.065818,53,44,4,1,1,1,3,0,0,3,No
1.035612,tcp,-,FIN,10,8,534,354,16.415414,254,252,3715.677246,2394.719238,2,1,111.905889,139.589578,7029.406521,201.508187,255,1621706769,1775045306,255,0.121598,0.058476,0.063122,53,44,4,1,1,1,3,0,0,3,No
1.428049,tcp,-,FIN,10,8,534,354,11.904354,254,252,2694.585449,1736.635132,2,1,155.722778,196.454141,9633.678392,282.376,255,3870346240,347648840,255,0.100019,0.052864,0.047155,53,44,3,1,2,2,2,0,0,2,No
1.428049,tcp,-,FIN,10,8,534,354,11.904354,254,252,2694.585449,1736.635132,2,1,155.722778,196.454141,9633.678392,282.376,255,3870346240,347648840,255,0.100019,0.052864,0.047155,53,44,3,1,2,2,2,0,0,2,No
1.63842,tcp,-,FIN,10,8,534,354,10.37585,254,252,2348.604248,1513.653442,2,1,182.046667,221.319422,11964.56433,337.793719,255,213082432,2620648742,255,0.143725,0.072861,0.070864,53,44,1,1,1,1,1,0,0,1,No
0.986506,tcp,-,FIN,10,8,534,354,17.232536,254,252,3900.635254,2513.922852,2,1,106.738778,130.973711,6112.006949,234.464937,255,3046572939,4010800406,255,0.13187,0.069689,0.062181,53,44,1,1,1,1,1,0,0,1,No
0.856827,tcp,-,FIN,10,8,534,354,19.840644,254,252,4490.988281,2894.399902,2,1,92.975333,116.165711,5726.8441,177.590281,255,3219029624,2392706615,255,0.099816,0.043658,0.056158,53,44,3,1,1,1,2,0,0,2,No
0.839866,tcp,-,FIN,10,6,534,268,17.859992,254,252,4581.683594,2133.673828,2,1,93.318444,148.964406,5011.22782,263.1025,255,1526760771,2866429343,255,0.1383,0.094374,0.043926,53,45,3,1,1,1,2,0,0,2,No
0.722509,tcp,-,FIN,10,6,534,268,20.760986,254,252,5325.885254,2480.24585,2,1,78.162556,128.066203,4386.239432,221.432078,255,781390059,3656101770,255,0.19027,0.082169,0.108101,53,45,3,1,1,1,1,0,0,1,No
1.093447,tcp,-,FIN,10,6,534,268,13.718086,254,252,3519.146484,1638.854004,2,1,121.387333,206.445797,8131.723877,376.578375,255,107868090,4150692054,255,0.126747,0.061214,0.065533,53,45,2,1,1,1,1,0,0,1,No
0.602821,tcp,-,FIN,10,8,534,354,28.200743,254,252,6383.321289,4113.990723,2,1,66.884444,71.588711,3571.523257,145.385609,255,3601857913,3397470245,255,0.154519,0.101699,0.05282,53,44,2,1,2,1,2,0,0,2,No
0.750959,tcp,-,FIN,10,6,534,268,19.97446,254,252,5124.114746,2386.282227,2,1,83.439889,139.059203,4899.864454,258.674125,255,137570031,2459322793,255,0.144938,0.054976,0.089962,53,45,2,1,1,1,1,0,0,1,No
0.748263,tcp,-,FIN,10,8,534,354,22.719284,254,252,5142.57666,3314.342773,2,1,77.341111,98.449141,4524.557093,173.799141,255,1619217264,3571567967,255,0.106547,0.059109,0.047438,53,44,2,1,1,1,1,0,0,1,No
1.383892,tcp,-,FIN,10,8,534,354,12.284195,254,252,2780.563721,1792.047241,2,1,148.797,189.164141,9540.500585,382.310563,255,575892345,1448344053,255,0.105029,0.059734,0.045295,53,44,3,1,1,1,1,0,0,1,No
1.224065,tcp,-,FIN,10,8,534,354,13.888152,254,252,3143.624023,2026.036255,2,1,135.959444,158.997719,8049.079144,234.7305,255,3794102743,2026334746,255,0.174478,0.111071,0.063407,53,44,1,1,1,1,1,0,0,1,No
0.646624,tcp,-,FIN,10,6,534,268,23.197406,254,252,5950.907715,2771.31665,2,1,70.333778,103.469,3726.153333,174.051641,255,2413449835,948101686,255,0.232461,0.129269,0.103192,53,45,4,1,1,1,3,0,0,3,No
1.026409,tcp,-,FIN,10,6,534,268,14.614057,254,252,3748.992676,1745.8927,2,1,114.045444,182.119594,6952.843321,343.887531,255,1332526780,1245610895,255,0.099108,0.060138,0.03897,53,45,4,1,2,2,3,0,0,3,No
1.026409,tcp,-,FIN,10,6,534,268,14.614057,254,252,3748.992676,1745.8927,2,1,114.045444,182.119594,6952.843321,343.887531,255,1332526780,1245610895,255,0.099108,0.060138,0.03897,53,45,4,1,2,2,3,0,0,3,No
1.353609,tcp,-,FIN,10,8,534,354,12.559018,254,252,2842.770752,1832.13916,2,1,148.571,180.649141,8838.867813,360.269844,255,3287556247,3144522077,255,0.189149,0.089055,0.100094,53,44,2,1,1,1,1,0,0,2,No
0.881665,tcp,-,FIN,10,6,588,268,17.013265,254,252,4809.083008,2032.518066,2,1,91.778889,161.843594,4841.358543,258.15475,255,2826266043,1090998004,255,0.172947,0.072445,0.100502,59,45,1,1,1,1,1,0,0,2,No
1.186064,tcp,-,FIN,10,8,534,354,14.333122,254,252,3244.344238,2090.949463,2,1,121.987222,162.980859,7521.300563,241.578641,255,1642888802,1279581859,255,0.102625,0.045197,0.057428,53,44,3,1,1,1,1,0,0,2,No
0.000009,tcp,-,REQ,2,0,90,0,111111.1072,254,0,40000000,0,1,0,0.009,0,0,0,255,3986091668,0,0,0,0,0,45,0,3,6,1,1,1,0,0,1,No
1.243636,tcp,-,FIN,10,8,588,354,13.669595,254,252,3409.357666,1994.152588,2,1,138.086222,167.387422,8281.62324,240.488094,255,493416417,2067185888,255,0.120699,0.071915,0.048784,59,44,1,1,1,1,2,0,0,2,No
1.156588,tcp,-,FIN,10,8,534,354,14.698407,254,252,3327.027588,2144.238037,2,1,124.138889,150.341578,7130.856423,225.918172,255,3871981454,4209771769,255,0.169,0.104188,0.064812,53,44,1,1,1,1,1,0,0,2,No
2.246989,tcp,-,FIN,10,8,588,354,7.56568,254,252,1886.969604,1103.699219,2,1,249.557667,309.727156,17395.408,477.575562,255,3104989357,2871368482,255,0.151531,0.078897,0.072634,59,44,1,1,1,1,1,0,0,1,No
1.012057,tcp,-,FIN,10,8,534,354,16.797474,254,252,3802.157471,2450.455078,2,1,112.450778,130.786859,7016.294868,178.730938,255,3726989261,1781739690,255,0.165994,0.095732,0.070262,53,44,6,1,2,2,3,0,0,3,No
1.012057,tcp,-,FIN,10,8,534,354,16.797474,254,252,3802.157471,2450.455078,2,1,112.450778,130.786859,7016.294868,178.730938,255,3726989261,1781739690,255,0.165994,0.095732,0.070262,53,44,6,1,2,2,3,0,0,3,No
0.586046,tcp,-,FIN,10,6,534,268,25.595261,254,252,6566.037598,3057.780518,2,1,62.698667,100.408602,3182.321013,156.546578,255,3794051128,1940599242,255,0.142185,0.083993,0.058192,53,45,6,1,1,1,3,0,0,3,No
0.601739,tcp,-,FIN,10,6,588,268,24.927752,254,252,7046.244629,2978.0354,2,1,66.746333,109.365602,3483.590215,185.743984,255,1405780762,3184279736,255,0.131412,0.054901,0.076511,59,45,3,1,1,1,3,0,0,3,No
1.88897,tcp,-,FIN,10,8,588,354,8.999613,254,252,2244.609375,1312.884766,2,1,209.885556,250.867141,12539.12149,405.817813,255,1415305688,2897158611,255,0.158506,0.100223,0.058283,59,44,3,1,1,1,3,0,0,3,No
1.492031,tcp,-,FIN,10,8,534,354,11.393865,254,252,2579.034912,1662.16394,2,1,162.156556,193.506,9897.875435,289.773094,255,1625621190,3969956970,255,0.254123,0.137488,0.116635,53,44,1,1,1,1,1,0,0,3,No
0.831456,tcp,-,FIN,10,6,534,268,18.040642,254,252,4628.025879,2155.255371,2,1,92.231778,142.162406,4775.791205,253.751234,255,917258721,727320444,255,0.202775,0.120634,0.082141,53,45,2,1,1,1,1,0,0,3,No
0.617837,tcp,-,FIN,10,6,534,268,24.278248,254,252,6228.179688,2900.441406,2,1,65.404556,116.569398,3536.075811,196.246281,255,922419236,3990402108,255,0.109254,0.034981,0.074273,53,45,1,1,1,1,1,0,0,2,No
0,arp,-,INT,1,0,46,0,0,0,0,0,0,0,0,60000.76,0,0,0,0,0,0,0,0,0,0,46,0,1,2,1,1,1,0,0,1,No
0,arp,-,INT,1,0,46,0,0,0,0,0,0,0,0,60000.752,0,0,0,0,0,0,0,0,0,0,46,0,1,2,1,1,1,0,0,1,No
1.148454,tcp,-,FIN,10,6,588,268,13.061037,254,252,3691.919922,1560.358643,2,1,125.726778,213.560406,7804.450477,391.190531,255,3357179562,2820117255,255,0.16711,0.080648,0.086462,59,45,1,1,1,1,1,0,0,2,No
0.768532,tcp,-,FIN,10,6,534,268,19.51773,254,252,5006.948242,2331.718262,2,1,85.392444,124.320398,4252.841727,229.599984,255,3797238035,2886879716,255,0.236351,0.100771,0.13558,53,45,4,1,1,1,2,0,0,3,No
0.646453,tcp,-,FIN,10,6,534,268,23.203542,254,252,5952.481934,2772.049805,2,1,71.828111,102.177,3469.296576,164.557547,255,2340794354,106607758,255,0.168015,0.071577,0.096438,53,45,4,1,1,1,2,0,0,3,No
1.061519,tcp,-,FIN,10,8,588,354,16.014786,254,252,3994.276123,2336.274658,2,1,117.946556,134.831422,8026.888853,199.610609,255,2657817894,1503600271,255,0.173744,0.096885,0.076859,59,44,1,1,1,1,1,0,0,3,No
2.351565,tcp,-,FIN,10,8,534,354,7.229229,254,252,1636.357178,1054.616821,2,1,261.141556,326.078844,16077.5998,488.365094,255,1725100611,1163856212,255,0.13119,0.069009,0.062181,53,44,3,1,1,1,1,0,0,2,No
2.678078,tcp,-,FIN,10,8,588,354,6.347836,254,252,1583.224976,926.037292,2,1,297.564222,362.010156,18478.98431,614.881125,255,2057404371,757398549,255,0.174258,0.123219,0.051039,59,44,1,1,1,1,1,0,0,2,No
0.867729,tcp,-,FIN,10,6,534,268,17.286503,254,252,4434.563965,2065.160889,2,1,93.083889,164.652406,5507.079782,261.611047,255,3946278064,2555483568,255,0.086865,0.044461,0.042404,53,45,1,1,1,1,1,0,0,1,No
0.995272,tcp,-,FIN,10,6,534,268,15.071257,254,252,3866.279785,1800.512817,2,1,108.622111,189.691594,6771.997103,322.22375,255,2266247355,2283185846,255,0.098251,0.046804,0.051447,53,45,3,1,1,1,1,0,0,4,No
0.477931,tcp,-,FIN,10,6,588,268,31.385284,254,252,8871.573242,3749.495361,2,1,49.669111,77.624797,2516.019066,108.672273,255,1230639925,2099975787,255,0.139474,0.089799,0.049675,59,45,3,1,3,1,3,0,0,4,No
0.861565,tcp,-,FIN,10,8,534,354,19.731535,254,252,4466.291016,2878.482666,2,1,84.652556,112.253141,5846.570917,141.941313,255,4228833129,2179885490,255,0.134468,0.075788,0.05868,53,44,3,1,1,1,1,0,0,1,No
0.463934,tcp,-,FIN,10,6,588,268,32.332185,254,252,9139.230469,3862.618408,2,1,49.862556,76.591797,2735.326617,124.750578,255,1813275157,403283312,255,0.184552,0.080966,0.103586,59,45,2,1,1,1,2,0,0,2,No
1.182365,tcp,-,FIN,10,8,588,354,14.377964,254,252,3586.033203,2097.491211,2,1,129.526,157.110281,8060.749954,228.635922,255,579292474,2142553042,255,0.187441,0.082587,0.104854,59,44,2,1,1,1,2,0,0,2,No
0.449797,tcp,-,FIN,10,6,588,268,33.348377,254,252,9426.474609,3984.019531,2,1,46.214778,76.966797,2370.798462,109.511102,255,1685404583,1177511838,255,0.115592,0.064962,0.05063,59,45,2,1,1,1,2,0,0,2,No
0.87001,tcp,-,FIN,10,6,588,268,17.241181,254,252,4873.507324,2059.746338,2,1,94.433,135.309,5339.727953,237.200656,255,1500943045,1441992842,255,0.273498,0.193462,0.080036,59,45,2,1,1,1,2,0,0,2,No
1.766424,tcp,-,FIN,10,8,588,354,9.623964,254,252,2400.329834,1403.966431,2,1,192.876889,246.954,13800.73453,358.776313,255,2420472018,1098293943,255,0.090915,0.037742,0.053173,59,44,1,1,1,1,1,0,0,1,No
1.02508,tcp,-,FIN,10,6,588,268,14.633005,254,252,4136.262695,1748.15625,2,1,104.908667,187.497594,6527.054366,314.669188,255,2904480762,3535945372,255,0.155872,0.087582,0.06829,59,45,1,1,1,1,1,0,0,1,No
0.498365,tcp,-,FIN,10,6,588,268,30.098421,254,252,8507.820312,3595.758057,2,1,54.108778,83.815797,2856.796614,144.256875,255,1218588601,1053973200,255,0.173253,0.079284,0.093969,59,45,1,1,1,1,1,0,0,1,No
0.971427,tcp,-,FIN,10,8,588,354,17.500028,254,252,4364.712891,2552.945312,2,1,103.537333,129.011289,5704.76773,232.953141,255,3275563102,1956259247,255,0.157853,0.068347,0.089506,59,44,2,1,2,1,2,0,0,2,No
0.467263,tcp,-,FIN,10,6,588,268,32.101835,254,252,9074.118164,3835.099121,2,1,51.809444,83.736398,2706.544263,137.749484,255,3265944321,447164267,255,0.166657,0.048575,0.118082,59,45,2,1,2,1,2,0,0,2,No
1.026355,tcp,-,FIN,10,8,588,354,16.563469,254,252,4131.124023,2416.317871,2,1,113.982,138.440578,8451.842384,195.614281,255,1897676386,2474085714,255,0.10692,0.05727,0.04965,59,44,2,1,1,1,2,0,0,2,No
1.363057,tcp,-,FIN,10,8,588,354,12.471965,254,252,3110.655029,1819.439697,2,1,143.558,186.616719,9408.307343,257.677078,255,1740750745,600037984,255,0.114715,0.056739,0.057976,59,44,2,1,1,1,2,0,0,2,No
0.888738,tcp,-,FIN,10,6,588,268,16.877865,254,252,4770.810059,2016.342285,2,1,96.932111,164.411203,5672.151413,298.636563,255,1483650619,1231869643,255,0.142152,0.066679,0.075473,59,45,3,1,1,1,2,0,0,2,No
1.173606,tcp,-,FIN,10,8,588,354,14.48527,254,252,3612.796631,2113.145264,2,1,124.913111,155.711422,8129.774922,207.543859,255,1315295959,2061446990,255,0.1435,0.083616,0.059884,59,44,1,1,1,1,1,0,0,1,No
0.000009,udp,-,INT,2,0,104,0,111111.1072,254,0,46222220,0,0,0,0.009,0,0,0,0,0,0,0,0,0,0,52,0,1,2,1,1,1,0,0,1,No
0.524434,tcp,-,FIN,10,6,588,268,28.602266,254,252,8084.907227,3417.017334,2,1,54.837556,88.782797,2932.416239,142.5535,255,2572742215,3690476903,255,0.13436,0.080514,0.053846,59,45,1,1,1,1,1,0,0,1,No
0.000001,udp,-,INT,2,0,104,0,1000000.003,254,0,416000000,0,0,0,0.001,0,0,0,0,0,0,0,0,0,0,52,0,2,2,1,1,2,0,0,2,No
0.000001,udp,-,INT,2,0,104,0,1000000.003,254,0,416000000,0,0,0,0.001,0,0,0,0,0,0,0,0,0,0,52,0,2,2,1,1,2,0,0,2,No
0.947039,tcp,-,FIN,10,6,588,268,15.838841,254,252,4477.112305,1892.213501,2,1,105.122222,170.939,6914.180626,308.874563,255,3714205944,3164085634,255,0.172227,0.09234,0.079887,59,45,4,1,1,1,4,0,0,4,No
0.000009,udp,-,INT,2,0,104,0,111111.1072,254,0,46222220,0,0,0,0.009,0,0,0,0,0,0,0,0,0,0,52,0,2,2,1,1,2,0,0,2,No
0.811914,tcp,-,FIN,10,6,588,268,18.474862,254,252,5222.228027,2207.130127,2,1,83.216333,138.888594,4368.102356,195.623781,255,3487870721,2884385558,255,0.237125,0.117467,0.119658,59,45,4,1,1,1,4,0,0,4,No
0.00001,udp,-,INT,2,0,104,0,100000.0025,254,0,41600000,0,0,0,0.01,0,0,0,0,0,0,0,0,0,0,52,0,2,2,1,1,2,0,0,2,No
0.000001,udp,-,INT,2,0,104,0,1000000.003,254,0,416000000,0,0,0,0.001,0,0,0,0,0,0,0,0,0,0,52,0,2,2,1,1,2,0,0,2,No
0.000004,udp,-,INT,2,0,104,0,250000.0006,254,0,104000000,0,0,0,0.004,0,0,0,0,0,0,0,0,0,0,52,0,1,2,1,1,1,0,0,1,No
5.16741,tcp,-,FIN,108,24,138067,1042,25.351192,254,252,211771.8594,1546.616211,51,1,48.287767,221.155219,9709.118613,559.5605,255,2309382861,4150989117,255,0.140691,0.080831,0.05986,1278,43,1,1,1,1,1,0,0,3,No
0.000006,udp,-,INT,2,0,104,0,166666.6608,254,0,69333328,0,0,0,0.006,0,0,0,0,0,0,0,0,0,0,52,0,2,2,1,1,2,0,0,2,No
0.00001,udp,-,INT,2,0,104,0,100000.0025,254,0,41600000,0,0,0,0.01,0,0,0,0,0,0,0,0,0,0,52,0,2,2,1,1,2,0,0,2,No
0.000009,udp,-,INT,2,0,104,0,111111.1072,254,0,46222220,0,0,0,0.009,0,0,0,0,0,0,0,0,0,0,52,0,1,2,1,1,1,0,0,1,No
0.000005,udp,-,INT,2,0,104,0,200000.0051,254,0,83200000,0,0,0,0.005,0,0,0,0,0,0,0,0,0,0,52,0,1,2,1,1,2,0,0,1,No
1.106101,tcp,-,FIN,20,8,18062,354,24.410067,254,252,124104.3984,2242.109863,7,1,55.880051,143.7,4798.130981,190.980813,255,1072535109,3284291478,255,0.173208,0.100191,0.073017,903,44,1,1,1,1,1,0,0,2,No
0,arp,-,INT,1,0,46,0,0,0,0,0,0,0,0,60000.72,0,0,0,0,0,0,0,0,0,0,46,0,1,2,1,1,1,0,0,1,No
0,arp,-,INT,1,0,46,0,0,0,0,0,0,0,0,60000.732,0,10.954518,0,0,0,0,0,0,0,0,46,0,1,2,1,1,1,0,0,1,No
0.000009,udp,-,INT,2,0,104,0,111111.1072,254,0,46222220,0,0,0,0.009,0,0,0,0,0,0,0,0,0,0,52,0,1,2,1,1,1,0,0,1,No
0.49027,tcp,ftp-data,FIN,8,10,364,3754,34.674772,62,252,5205.294922,55136.96484,1,3,70.038569,48.611,4706.229644,3985.330359,255,4057591376,2554214204,255,0.098129,0.051971,0.046158,46,375,1,1,1,1,1,0,0,1,Yes
0.694578,tcp,ftp-data,FIN,8,12,364,8656,27.354739,62,252,3674.17334,91393.625,1,4,99.225429,60.696091,6968.416357,5846.164863,255,1421091415,1463782199,255,0.090383,0.026299,0.064084,46,721,1,1,1,1,1,0,0,1,Yes
0.630479,tcp,-,FIN,10,8,564,354,26.963627,254,252,6445.893066,3933.517334,2,1,69.429778,88.811,5447.772374,138.281594,255,2633022132,2678191535,255,0.055867,0.008796,0.047071,56,44,2,1,2,1,1,0,0,1,Yes
0.000005,smp,-,INT,2,0,200,0,200000.0051,254,0,160000000,0,0,0,0.005,0,0,0,0,0,0,0,0,0,0,100,0,5,2,1,1,5,0,0,5,Yes
1.231379,tcp,-,FIN,12,12,3236,694,18.678246,62,252,19275.94922,4138.449707,3,3,111.943544,107.032906,6351.416037,175.46075,255,961364000,2388857817,255,0.123269,0.05346,0.069809,270,58,5,1,1,1,1,0,0,1,Yes
0.000009,unas,-,INT,2,0,200,0,111111.1072,254,0,88888888,0,0,0,0.009,0,0,0,0,0,0,0,0,0,0,100,0,2,2,1,1,2,0,0,2,Yes
1.299131,tcp,-,FIN,18,26,1026,13872,33.099048,62,252,5967.06543,82141.0625,6,11,76.419471,49.74512,4156.68956,3309.202739,255,503124958,1355936057,255,0.107842,0.054839,0.053003,57,534,1,1,1,1,2,0,0,1,Yes
0.000005,smp,-,INT,2,0,200,0,200000.0051,254,0,160000000,0,0,0,0.005,0,0,0,0,0,0,0,0,0,0,100,0,5,2,1,1,5,0,0,5,Yes
0.000003,crtp,-,INT,2,0,200,0,333333.3215,254,0,266666656,0,0,0,0.003,0,0,0,0,0,0,0,0,0,0,100,0,4,2,2,2,4,0,0,4,Yes
0.000005,smp,-,INT,2,0,200,0,200000.0051,254,0,160000000,0,0,0,0.005,0,0,0,0,0,0,0,0,0,0,100,0,5,2,1,1,5,0,0,5,Yes
0.000009,unas,-,INT,2,0,200,0,111111.1072,254,0,88888888,0,0,0,0.009,0,0,0,0,0,0,0,0,0,0,100,0,2,2,1,1,2,0,0,2,Yes
0.000003,crtp,-,INT,2,0,200,0,333333.3215,254,0,266666656,0,0,0,0.003,0,0,0,0,0,0,0,0,0,0,100,0,4,2,2,2,4,0,0,4,Yes
0.000005,smp,-,INT,2,0,200,0,200000.0051,254,0,160000000,0,0,0,0.005,0,0,0,0,0,0,0,0,0,0,100,0,5,2,1,1,5,0,0,5,Yes
0.000004,unas,-,INT,2,0,200,0,250000.0006,254,0,200000000,0,0,0,0.004,0,0,0,0,0,0,0,0,0,0,100,0,4,2,3,3,4,0,0,4,Yes
0.000009,udp,-,INT,2,0,168,0,111111.1072,254,0,74666664,0,0,0,0.009,0,0,0,0,0,0,0,0,0,0,84,0,2,2,1,1,1,0,0,1,Yes
0.000005,smp,-,INT,2,0,200,0,200000.0051,254,0,160000000,0,0,0,0.005,0,0,0,0,0,0,0,0,0,0,100,0,5,2,1,1,5,0,0,5,Yes
2.097541,ospf,-,INT,42,0,2688,0,19.546697,254,0,10007.90918,0,0,0,51.159535,0,55.640574,0,0,0,0,0,0,0,0,64,0,1,2,1,1,1,0,0,1,Yes
0.000003,crudp,-,INT,2,0,200,0,333333.3215,254,0,266666656,0,0,0,0.003,0,0,0,0,0,0,0,0,0,0,100,0,4,2,2,2,4,0,0,4,Yes
0.000008,isis,-,INT,2,0,200,0,125000.0003,254,0,100000000,0,0,0,0.008,0,0,0,0,0,0,0,0,0,0,100,0,4,2,2,2,4,0,0,4,Yes
0.000004,unas,-,INT,2,0,200,0,250000.0006,254,0,200000000,0,0,0,0.004,0,0,0,0,0,0,0,0,0,0,100,0,4,2,3,3,4,0,0,4,Yes
0.000005,smp,-,INT,2,0,200,0,200000.0051,254,0,160000000,0,0,0,0.005,0,0,0,0,0,0,0,0,0,0,100,0,5,2,1,1,5,0,0,5,Yes
0.320614,tcp,http,FIN,12,12,1370,6908,71.737352,62,252,31339.86523,158021.7969,3,4,29.146727,27.691999,1531.278897,1821.417257,255,2679669318,523903603,255,0.0567,0.010288,0.046412,114,576,2,1,1,1,1,0,0,1,Yes
2.097541,ospf,-,INT,42,0,2688,0,19.546697,254,0,10007.90918,0,0,0,51.159535,0,55.640574,0,0,0,0,0,0,0,0,64,0,1,2,1,1,1,0,0,1,Yes
0.000003,crudp,-,INT,2,0,200,0,333333.3215,254,0,266666656,0,0,0,0.003,0,0,0,0,0,0,0,0,0,0,100,0,4,2,2,2,4,0,0,4,Yes
0.000008,isis,-,INT,2,0,200,0,125000.0003,254,0,100000000,0,0,0,0.008,0,0,0,0,0,0,0,0,0,0,100,0,4,2,2,2,4,0,0,4,Yes
0.000003,crudp,-,INT,2,0,200,0,333333.3215,254,0,266666656,0,0,0,0.003,0,0,0,0,0,0,0,0,0,0,100,0,4,2,2,2,4,0,0,4,Yes
0.000008,udp,-,INT,2,0,168,0,125000.0003,254,0,84000000,0,0,0,0.008,0,0,0,0,0,0,0,0,0,0,84,0,1,2,1,1,1,0,0,2,Yes
2.097541,ospf,-,INT,42,0,2688,0,19.546697,254,0,10007.90918,0,0,0,51.159535,0,55.640574,0,0,0,0,0,0,0,0,64,0,1,2,1,1,1,0,0,1,Yes
0.000008,isis,-,INT,2,0,200,0,125000.0003,254,0,100000000,0,0,0,0.008,0,0,0,0,0,0,0,0,0,0,100,0,4,2,2,2,4,0,0,4,Yes
0.245495,tcp,http,FIN,10,8,924,1530,69.247844,62,252,27112.56836,43634.28906,2,2,27.277222,34.006285,1379.452873,52.675426,255,876618949,2784060216,255,0.050727,0.006463,0.044264,92,191,2,1,2,1,2,0,0,2,Yes
0.000003,crudp,-,INT,2,0,200,0,333333.3215,254,0,266666656,0,0,0,0.003,0,0,0,0,0,0,0,0,0,0,100,0,4,2,2,2,4,0,0,4,Yes
0.000008,isis,-,INT,2,0,200,0,125000.0003,254,0,100000000,0,0,0,0.008,0,0,0,0,0,0,0,0,0,0,100,0,4,2,2,2,4,0,0,4,Yes
0.214775,tcp,http,FIN,10,14,928,10242,107.088816,62,252,31139.56445,354268.4375,2,5,23.863889,11.597,1270.129113,1125.578585,255,2683675532,2363786213,255,0.092432,0.046799,0.045633,93,732,3,1,3,1,3,0,0,3,Yes
0.866541,tcp,ftp-data,FIN,8,8,364,510,17.310202,62,252,2945.042236,4126.751953,1,2,123.764996,114.38957,7839.982665,205.59675,255,1751029850,3495096296,255,0.134931,0.06581,0.069121,46,64,1,1,1,1,2,0,0,1,Yes
0.000003,ptp,-,INT,2,0,200,0,333333.3215,254,0,266666656,0,0,0,0.003,0,0,0,0,0,0,0,0,0,0,100,0,4,2,2,2,4,0,0,4,Yes
1.789501,tcp,smtp,FIN,22,20,3135,1722,22.911416,62,252,13380.2666,7313.770996,8,8,85.152526,90.155578,4028.103886,111.066695,255,2166386952,2662402510,255,0.15451,0.076536,0.077974,143,86,1,1,1,1,1,0,0,1,Yes
0.822681,tcp,-,FIN,20,18,2556,2258,44.974905,254,252,23620.33398,20741.93945,7,7,43.298999,47.902766,2066.625859,55.468738,255,3184426733,882599412,255,0.052879,0.007449,0.04543,128,125,1,1,1,1,1,0,0,1,Yes
0.000008,sccopmce,-,INT,2,0,200,0,125000.0003,254,0,100000000,0,0,0,0.008,0,0,0,0,0,0,0,0,0,0,100,0,4,2,1,1,4,0,0,4,Yes
0.000003,unas,-,INT,2,0,200,0,333333.3215,254,0,266666656,0,0,0,0.003,0,0,0,0,0,0,0,0,0,0,100,0,4,2,3,3,4,0,0,4,Yes
3.401426,tcp,ftp,FIN,24,22,1284,1624,13.229745,62,252,2895.256104,3647.881836,7,9,147.846221,158.399423,8733.827734,10591.69544,255,1897333583,4056942535,255,0.124845,0.07503,0.049815,54,74,1,1,1,1,2,1,1,1,Yes
0.199977,tcp,http,FIN,10,6,952,268,75.008628,254,252,34283.94531,8961.030273,2,1,20.787667,38.580602,1123.530473,66.747141,255,2238925005,619704812,255,0.054434,0.007071,0.047363,95,45,1,1,1,1,1,0,0,1,Yes
0.000003,ptp,-,INT,2,0,200,0,333333.3215,254,0,266666656,0,0,0,0.003,0,0,0,0,0,0,0,0,0,0,100,0,4,2,2,2,4,0,0,4,Yes
0.000003,unas,-,INT,2,0,200,0,333333.3215,254,0,266666656,0,0,0,0.003,0,0,0,0,0,0,0,0,0,0,100,0,4,2,3,3,4,0,0,4,Yes
0.000008,isis,-,INT,2,0,200,0,125000.0003,254,0,100000000,0,0,0,0.008,0,0,0,0,0,0,0,0,0,0,100,0,4,2,2,2,4,0,0,4,Yes
0.391613,tcp,ftp-data,FIN,8,8,364,1328,38.30312,62,252,6516.637695,23737.7207,1,2,55.944713,53.433145,3844.834773,111.001211,255,1178293625,1963082207,255,0.062902,0.016902,0.046,46,166,1,1,1,1,2,0,0,1,Yes
0.000003,unas,-,INT,2,0,200,0,333333.3215,254,0,266666656,0,0,0,0.003,0,0,0,0,0,0,0,0,0,0,100,0,4,2,3,3,4,0,0,4,Yes
0.000008,pipe,-,INT,2,0,200,0,125000.0003,254,0,100000000,0,0,0,0.008,0,0,0,0,0,0,0,0,0,0,100,0,5,2,2,2,5,0,0,5,Yes
0.000001,fire,-,INT,2,0,200,0,1000000.003,254,0,800000000,0,0,0,0.001,0,0,0,0,0,0,0,0,0,0,100,0,4,2,1,1,4,0,0,4,Yes
0.000003,ptp,-,INT,2,0,200,0,333333.3215,254,0,266666656,0,0,0,0.003,0,0,0,0,0,0,0,0,0,0,100,0,4,2,2,2,4,0,0,4,Yes
0.000003,unas,-,INT,2,0,200,0,333333.3215,254,0,266666656,0,0,0,0.003,0,0,0,0,0,0,0,0,0,0,100,0,4,2,3,3,4,0,0,4,Yes
0.272487,tcp,http,FIN,10,8,840,1156,62.388294,62,252,22195.55273,29711.50781,2,2,30.276333,37.895855,1506.77612,56.883309,255,1060415788,3750079677,255,0.051307,0.006568,0.044739,84,145,2,1,1,1,1,0,0,1,Yes
0.000008,pipe,-,INT,2,0,200,0,125000.0003,254,0,100000000,0,0,0,0.008,0,0,0,0,0,0,0,0,0,0,100,0,5,2,2,2,5,0,0,5,Yes
0.000001,fire,-,INT,2,0,200,0,1000000.003,254,0,800000000,0,0,0,0.001,0,0,0,0,0,0,0,0,0,0,100,0,4,2,1,1,4,0,0,4,Yes
0.000003,unas,-,INT,2,0,200,0,333333.3215,254,0,266666656,0,0,0,0.003,0,0,0,0,0,0,0,0,0,0,100,0,4,2,3,3,4,0,0,4,Yes
0.000008,udp,-,INT,2,0,168,0,125000.0003,254,0,84000000,0,0,0,0.008,0,0,0,0,0,0,0,0,0,0,84,0,1,2,1,1,1,0,0,1,Yes
0.000008,pipe,-,INT,2,0,200,0,125000.0003,254,0,100000000,0,0,0,0.008,0,0,0,0,0,0,0,0,0,0,100,0,5,2,2,2,5,0,0,5,Yes
0.000007,unas,-,INT,2,0,200,0,142857.1409,254,0,114285712,0,0,0,0.007,0,0,0,0,0,0,0,0,0,0,100,0,4,2,1,1,4,0,0,4,Yes
0.000005,sps,-,INT,2,0,200,0,200000.0051,254,0,160000000,0,0,0,0.005,0,0,0,0,0,0,0,0,0,0,100,0,5,2,2,2,5,0,0,5,Yes
0.227456,tcp,http,FIN,12,20,876,18746,136.290094,62,252,28242.82422,626371.6875,2,8,20.677819,11.226316,1182.208295,1123.673457,255,1104961871,2866067867,255,0.031448,0.013563,0.017885,73,937,1,1,1,1,39,0,0,2,Yes
0.417348,tcp,-,FIN,10,6,840,268,35.941229,254,252,14491.50391,4293.778809,2,1,43.376667,73.191203,2234.751765,106.548375,255,1481867716,7465531,255,0.149815,0.051388,0.098427,84,45,2,1,1,1,1,0,0,1,Yes
0.000005,sps,-,INT,2,0,200,0,200000.0051,254,0,160000000,0,0,0,0.005,0,0,0,0,0,0,0,0,0,0,100,0,5,2,2,2,5,0,0,5,Yes
0.000009,unas,-,INT,2,0,200,0,111111.1072,254,0,88888888,0,0,0,0.009,0,0,0,0,0,0,0,0,0,0,100,0,7,2,2,2,7,0,0,7,Yes
0.000003,crtp,-,INT,2,0,200,0,333333.3215,254,0,266666656,0,0,0,0.003,0,0,0,0,0,0,0,0,0,0,100,0,4,2,2,2,4,0,0,4,Yes
0.000005,sps,-,INT,2,0,200,0,200000.0051,254,0,160000000,0,0,0,0.005,0,0,0,0,0,0,0,0,0,0,100,0,5,2,2,2,5,0,0,5,Yes
0.000009,unas,-,INT,2,0,200,0,111111.1072,254,0,88888888,0,0,0,0.009,0,0,0,0,0,0,0,0,0,0,100,0,7,2,2,2,7,0,0,7,Yes
0.000001,fire,-,INT,2,0,200,0,1000000.003,254,0,800000000,0,0,0,0.001,0,0,0,0,0,0,0,0,0,0,100,0,4,2,1,1,4,0,0,4,Yes
0.000008,fc,-,INT,2,0,200,0,125000.0003,254,0,100000000,0,0,0,0.008,0,0,0,0,0,0,0,0,0,0,100,0,5,2,2,2,5,0,0,5,Yes
0.000009,unas,-,INT,2,0,200,0,111111.1072,254,0,88888888,0,0,0,0.009,0,0,0,0,0,0,0,0,0,0,100,0,7,2,2,2,7,0,0,7,Yes
0.181463,tcp,http,FIN,10,6,774,268,82.661478,254,252,30728.02734,9875.291016,2,1,18.421333,34.882398,988.16161,59.145906,255,3747750427,2630156214,255,0.051329,0.007042,0.044287,77,45,1,1,1,1,2,0,0,1,Yes
0.000008,fc,-,INT,2,0,200,0,125000.0003,254,0,100000000,0,0,0,0.008,0,0,0,0,0,0,0,0,0,0,100,0,5,2,2,2,5,0,0,5,Yes
1.29143,tcp,http,FIN,24,110,1424,136251,102.986612,62,252,8455.743164,836362.8125,2,53,56.149129,11.127101,2961.708526,1514.28903,255,1016317749,779582832,255,0.087401,0.044057,0.043344,59,1239,1,1,1,1,1,0,0,1,Yes
0.000003,crudp,-,INT,2,0,200,0,333333.3215,254,0,266666656,0,0,0,0.003,0,0,0,0,0,0,0,0,0,0,100,0,4,2,2,2,4,0,0,4,Yes
1.066736,ospf,-,INT,42,0,1890,0,38.435002,254,0,13836.60059,0,0,0,26.017951,0,30.409635,0,0,0,0,0,0,0,0,45,0,1,2,1,1,1,0,0,1,Yes
0.000008,fc,-,INT,2,0,200,0,125000.0003,254,0,100000000,0,0,0,0.008,0,0,0,0,0,0,0,0,0,0,100,0,5,2,2,2,5,0,0,5,Yes
0.000003,crudp,-,INT,2,0,200,0,333333.3215,254,0,266666656,0,0,0,0.003,0,0,0,0,0,0,0,0,0,0,100,0,4,2,2,2,4,0,0,4,Yes
1.066736,ospf,-,INT,42,0,1890,0,38.435002,254,0,13836.60059,0,0,0,26.017951,0,30.409635,0,0,0,0,0,0,0,0,45,0,1,2,1,1,1,0,0,1,Yes
1.066736,ospf,-,INT,42,0,1890,0,38.435002,254,0,13836.60059,0,0,0,26.017951,0,30.409635,0,0,0,0,0,0,0,0,45,0,1,2,1,1,1,0,0,1,Yes
0.000003,crudp,-,INT,2,0,200,0,333333.3215,254,0,266666656,0,0,0,0.003,0,0,0,0,0,0,0,0,0,0,100,0,4,2,2,2,4,0,0,4,Yes
0.000007,unas,-,INT,2,0,200,0,142857.1409,254,0,114285712,0,0,0,0.007,0,0,0,0,0,0,0,0,0,0,100,0,4,2,1,1,4,0,0,4,Yes
0.000003,crudp,-,INT,2,0,200,0,333333.3215,254,0,266666656,0,0,0,0.003,0,0,0,0,0,0,0,0,0,0,100,0,4,2,2,2,4,0,0,4,Yes
0.182732,tcp,-,FIN,10,6,952,268,82.087428,254,252,37519.42578,9806.710938,2,1,19.500667,35.147199,1033.711222,62.341773,255,539982375,1416486714,255,0.052828,0.006978,0.04585,95,45,3,1,2,1,2,0,0,2,Yes
0.000008,sccopmce,-,INT,2,0,200,0,125000.0003,254,0,100000000,0,0,0,0.008,0,0,0,0,0,0,0,0,0,0,100,0,4,2,1,1,4,0,0,4,Yes
0.210305,tcp,http,FIN,10,6,786,268,71.324979,254,252,26932.3125,8520.957031,2,1,21.044333,39.358,1113.275188,63.591555,255,304153052,1199268003,255,0.062434,0.013509,0.048925,79,45,2,1,1,1,1,0,0,1,Yes
0.000003,crudp,-,INT,2,0,200,0,333333.3215,254,0,266666656,0,0,0,0.003,0,0,0,0,0,0,0,0,0,0,100,0,4,2,2,2,4,0,0,4,Yes
0.000008,sctp,-,INT,2,0,200,0,125000.0003,254,0,100000000,0,0,0,0.008,0,0,0,0,0,0,0,0,0,0,100,0,5,2,2,2,5,0,0,5,Yes
0.000008,sctp,-,INT,2,0,200,0,125000.0003,254,0,100000000,0,0,0,0.008,0,0,0,0,0,0,0,0,0,0,100,0,5,2,2,2,5,0,0,5,Yes
0.000008,sccopmce,-,INT,2,0,200,0,125000.0003,254,0,100000000,0,0,0,0.008,0,0,0,0,0,0,0,0,0,0,100,0,4,2,1,1,4,0,0,4,Yes
0.000003,crudp,-,INT,2,0,200,0,333333.3215,254,0,266666656,0,0,0,0.003,0,0,0,0,0,0,0,0,0,0,100,0,4,2,2,2,4,0,0,4,Yes
0.000008,sctp,-,INT,2,0,200,0,125000.0003,254,0,100000000,0,0,0,0.008,0,0,0,0,0,0,0,0,0,0,100,0,5,2,2,2,5,0,0,5,Yes
0.000001,unas,-,INT,2,0,200,0,1000000.003,254,0,800000000,0,0,0,0.001,0,0,0,0,0,0,0,0,0,0,100,0,3,2,1,1,3,0,0,3,Yes
0.000005,iplt,-,INT,2,0,200,0,200000.0051,254,0,160000000,0,0,0,0.005,0,0,0,0,0,0,0,0,0,0,100,0,4,2,1,1,4,0,0,4,Yes
0.000003,crudp,-,INT,2,0,200,0,333333.3215,254,0,266666656,0,0,0,0.003,0,0,0,0,0,0,0,0,0,0,100,0,4,2,2,2,4,0,0,4,Yes
0.000008,sctp,-,INT,2,0,200,0,125000.0003,254,0,100000000,0,0,0,0.008,0,0,0,0,0,0,0,0,0,0,100,0,5,2,2,2,5,0,0,5,Yes
0.000001,unas,-,INT,2,0,200,0,1000000.003,254,0,800000000,0,0,0,0.001,0,0,0,0,0,0,0,0,0,0,100,0,3,2,1,1,3,0,0,3,Yes
0.000001,unas,-,INT,2,0,200,0,1000000.003,254,0,800000000,0,0,0,0.001,0,0,0,0,0,0,0,0,0,0,100,0,3,2,1,1,3,0,0,3,Yes
1.255436,tcp,http,FIN,10,8,694,354,13.541113,254,252,3982.68042,1975.409424,2,1,139.393222,167.582141,7923.645971,294.745781,255,3240003360,4212301751,255,0.159123,0.082353,0.07677,69,44,2,1,1,1,2,0,0,2,Yes
0.000008,sccopmce,-,INT,2,0,200,0,125000.0003,254,0,100000000,0,0,0,0.008,0,0,0,0,0,0,0,0,0,0,100,0,4,2,1,1,4,0,0,4,Yes
0.000001,unas,-,INT,2,0,200,0,1000000.003,254,0,800000000,0,0,0,0.001,0,0,0,0,0,0,0,0,0,0,100,0,3,2,1,1,3,0,0,3,Yes
0.000008,sccopmce,-,INT,2,0,200,0,125000.0003,254,0,100000000,0,0,0,0.008,0,0,0,0,0,0,0,0,0,0,100,0,4,2,1,1,4,0,0,4,Yes
0.000001,unas,-,INT,2,0,200,0,1000000.003,254,0,800000000,0,0,0,0.001,0,0,0,0,0,0,0,0,0,0,100,0,3,2,1,1,3,0,0,3,Yes
0.000001,unas,-,INT,2,0,200,0,1000000.003,254,0,800000000,0,0,0,0.001,0,0,0,0,0,0,0,0,0,0,100,0,3,2,1,1,3,0,0,3,Yes
0.000008,sccopmce,-,INT,2,0,200,0,125000.0003,254,0,100000000,0,0,0,0.008,0,0,0,0,0,0,0,0,0,0,100,0,4,2,1,1,4,0,0,4,Yes
0.000008,unas,-,INT,2,0,200,0,125000.0003,254,0,100000000,0,0,0,0.008,0,0,0,0,0,0,0,0,0,0,100,0,3,2,1,1,3,0,0,3,Yes
0.000005,iplt,-,INT,2,0,200,0,200000.0051,254,0,160000000,0,0,0,0.005,0,0,0,0,0,0,0,0,0,0,100,0,4,2,1,1,4,0,0,4,Yes
5.580102,tcp,pop3,FIN,68,338,3030,423762,72.579319,62,252,4280.925293,605736.625,7,167,83.285108,16.285047,4841.138157,2120.144708,255,639929770,4155777743,255,0.151309,0.065207,0.086102,45,1254,1,1,1,1,2,0,0,1,Yes
0.523054,tcp,ftp-data,FIN,8,10,364,3754,32.501424,62,252,4879.037109,51681.08984,1,3,74.721998,52.790444,5127.948837,4395.205245,255,3155808193,2835249216,255,0.09264,0.047157,0.045483,46,375,1,1,1,1,2,0,0,1,Yes
0.000008,unas,-,INT,2,0,200,0,125000.0003,254,0,100000000,0,0,0,0.008,0,0,0,0,0,0,0,0,0,0,100,0,3,2,1,1,3,0,0,3,Yes
0.000005,iplt,-,INT,2,0,200,0,200000.0051,254,0,160000000,0,0,0,0.005,0,0,0,0,0,0,0,0,0,0,100,0,4,2,1,1,4,0,0,4,Yes
1.123349,tcp,ftp,FIN,22,22,1162,1638,38.2784,62,252,7904.93457,11138.12402,7,9,53.492809,53.126237,2990.044695,3665.147445,255,2382194817,2425265788,255,0.051824,0.007008,0.044816,53,74,1,1,1,1,2,1,1,1,Yes
0.000008,unas,-,INT,2,0,200,0,125000.0003,254,0,100000000,0,0,0,0.008,0,0,0,0,0,0,0,0,0,0,100,0,3,2,1,1,3,0,0,3,Yes
0.000005,iplt,-,INT,2,0,200,0,200000.0051,254,0,160000000,0,0,0,0.005,0,0,0,0,0,0,0,0,0,0,100,0,4,2,1,1,4,0,0,4,Yes
0.964026,tcp,smtp,FIN,68,26,66919,1968,96.47043,62,252,547163.6875,15709.12012,31,8,14.388448,38.014922,1150.491365,44.289387,255,1008335340,1185585846,255,0.053014,0.007047,0.045967,984,76,1,1,1,1,1,0,0,1,Yes
.000001,unas,-,INT,2,0,200,0,1000000.003,254,0,800000000,0,0,0,0.001,0,0,0,0,0,0,0,0,0,0,100,0,3,2,1,1,3,0,0,3,Yes
0.000008,sccopmce,-,INT,2,0,200,0,125000.0003,254,0,100000000,0,0,0,0.008,0,0,0,0,0,0,0,0,0,0,100,0,4,2,1,1,4,0,0,4,Yes
0.000008,unas,-,INT,2,0,200,0,125000.0003,254,0,100000000,0,0,0,0.008,0,0,0,0,0,0,0,0,0,0,100,0,3,2,1,1,3,0,0,3,Yes
0.000009,unas,-,INT,2,0,200,0,111111.1072,254,0,88888888,0,0,0,0.009,0,0,0,0,0,0,0,0,0,0,100,0,7,2,2,2,7,0,0,7,Yes
0.000003,crtp,-,INT,2,0,200,0,333333.3215,254,0,266666656,0,0,0,0.003,0,0,0,0,0,0,0,0,0,0,100,0,4,2,2,2,4,0,0,4,Yes
0.000005,sps,-,INT,2,0,200,0,200000.0051,254,0,160000000,0,0,0,0.005,0,0,0,0,0,0,0,0,0,0,100,0,5,2,2,2,5,0,0,5,Yes