0.8343774611766137
0.4478745457010319
0.3955508547608072
0.4973732414103851
0.4663777187735134
0.5225999690549857
0.8036414060061622
0.6269506073460098
0.834439638859636
0.5241918887494219
0.5517096461902209
0.9714024942870048
0.7986989996292562
0.4259620136198202
0.43112639976581435
0.7743998506980998
0.787534002869632
0.7376099660492907
0.7026354229440577
0.40108034854100727
0.713355825364688
0.713145656667435
0.3820498368834646
0.6985845845945423
0.6915669178185702
0.6849396444332053
0.6777611302549356
0.5699746585964052
0.31381915168549124
0.35290577463370965
0.4063354215374475
0.5886711959535009
0.37208322270303573
0.42924742173527275
0.500827475948849
0.38106979221351
0.31216109721601437
0.31212847872211535
0.31653544821813695
0.3707965964468769
0.4268104285798928
0.32095785594953796